Number of Features : 384
Feature No. 0
8
9655,-466
4681,408
632,2597
488,2675
-1727,3561
-3616,4654
-5800,3055
-8410,2390
Feature No. 1
313
4339,1494
716,3079
714,2134
668,2036
608,2008
545,2003
474,1991
467,1909
536,1873
565,1826
555,1775
540,1765
376,1771
326,1797
296,1801
267,1847
265,751
302,795
334,766
285,712
303,694
324,694
325,673
315,673
315,371
330,378
336,365
281,341
294,312
468,387
447,433
554,494
592,504
634,503
678,488
719,458
785,551
895,472
864,430
861,432
891,471
788,545
721,456
730,450
743,468
745,466
733,448
742,442
754,459
757,457
744,440
974,271
1014,240
1027,217
1034,190
1034,165
1018,127
1027,122
1014,104
1083,52
1112,78
1121,72
1145,89
1158,98
1165,101
1178,105
1187,106
1198,107
1207,106
1216,105
1223,103
1229,100
1231,98
1232,96
1232,94
1231,92
1230,91
1229,90
1226,90
1225,91
1223,92
1222,94
1222,95
1216,98
1214,99
1211,100
1209,100
1205,101
1200,102
1195,102
1191,101
1186,101
1180,100
1175,99
1171,98
1168,96
1165,95
1164,93
1163,91
1163,90
1164,89
1166,90
1167,92
1169,95
1172,96
1175,96
1178,97
1180,96
1184,94
1186,92
1189,90
1190,87
1192,81
1193,74
1195,68
1196,63
1199,58
1202,53
1208,46
1213,41
1218,36
1223,31
1230,24
1235,19
1260,-4
1285,-22
1306,-31
1319,-28
1331,-24
1384,-71
1388,-76
1418,-101
1422,-108
1458,-126
1483,-130
1498,-133
1516,-106
1516,-101
1510,-95
1514,-89
1539,-105
1535,-110
1528,-109
1523,-111
1507,-132
1516,-150
1548,-186
1605,-234
1628,-246
1641,-244
1653,-236
1763,-334
1792,-351
1803,-351
1811,-348
1805,-339
1811,-335
1826,-347
1835,-355
1864,-361
1882,-333
1885,-335
1893,-340
1898,-344
1889,-354
1907,-375
1941,-396
1955,-402
1996,-418
2055,-445
2104,-464
2120,-467
2129,-462
2161,-471
2169,-444
2174,-445
2167,-467
2196,-478
2234,-494
2267,-503
2376,-535
2433,-558
2439,-553
2448,-558
2447,-565
2510,-592
2522,-595
2528,-586
2537,-591
2540,-601
2596,-625
2609,-628
2620,-625
2625,-627
2693,-637
2744,-664
2755,-663
2760,-669
2816,-685
2827,-683
2827,-678
2836,-679
2838,-685
2841,-687
2883,-698
2892,-699
2902,-696
2901,-688
2912,-690
2910,-694
2910,-698
2921,-703
2935,-704
2939,-701
2939,-696
2947,-698
2946,-706
2960,-711
2970,-711
2976,-704
2986,-705
2984,-711
2986,-714
3025,-728
3039,-729
3060,-741
3086,-745
3099,-750
3117,-765
3132,-764
3137,-757
3152,-759
3164,-756
3168,-751
3167,-746
3170,-744
3177,-751
3180,-756
3239,-778
3294,-798
3334,-810
3347,-813
3350,-813
3377,-833
3393,-834
3442,-853
3478,-758
3471,-756
3472,-752
3491,-759
3489,-762
3482,-759
3445,-854
3463,-866
3479,-874
3490,-874
3505,-878
3571,-900
3686,-942
3700,-945
3709,-940
3707,-935
3712,-932
3724,-939
3752,-949
3771,-956
3782,-955
3785,-950
3782,-946
3786,-944
3796,-951
3816,-951
3831,-957
3840,-964
3849,-966
3858,-964
3856,-958
3859,-954
3874,-964
3919,-982
3929,-983
3940,-981
3945,-975
3939,-969
3941,-966
3961,-981
4024,-1008
4033,-1003
4048,-1017
4048,-1022
4129,-1049
4143,-1056
4160,-1038
4165,-1042
4151,-1055
4155,-1062
4163,-1069
4208,-1082
4221,-1053
4224,-1055
4211,-1084
4215,-1085
4229,-1057
4234,-1059
4230,-1069
4241,-1074
4249,-1073
4253,-1069
4273,-1081
4297,-1089
4309,-1090
4314,-1084
4336,-1096
Feature No. 2
71
-8410,2390
-8413,688
-8395,603
-7946,-1081
-7896,-1299
-7478,-1963
-7207,-2540
-6802,-3330
-6673,-3570
-6658,-3701
-6527,-4031
-6308,-4364
-6103,-4562
-5947,-4994
-5620,-5312
-5251,-5403
-5081,-5525
-4907,-5781
-4550,-6013
-4050,-6106
-3654,-5916
-3408,-5769
-2923,-5705
-2548,-5862
-1889,-6283
-1428,-6675
-1113,-6748
-800,-6692
-365,-6561
-41,-6439
244,-6329
489,-6214
710,-6075
817,-5997
901,-5908
1234,-5523
1452,-5254
1863,-5004
2375,-4991
2520,-4962
2768,-5021
3105,-5096
3249,-5096
3410,-5010
3453,-4995
3939,-4886
4052,-4898
4268,-4813
4466,-4801
4726,-4891
4945,-4907
5175,-4910
5526,-4759
5975,-5165
6239,-5401
6845,-5571
7440,-5430
7910,-5246
8098,-5113
8447,-4733
8508,-4665
8561,-4568
8612,-4423
8664,-4243
8673,-4037
8658,-3881
8650,-3836
8558,-3529
8212,-2580
8412,-2192
9655,-466
Feature No. 3
2032
-2776,-369
-2778,-367
-2780,-367
-2780,-366
-2780,-364
-2782,-362
-2783,-361
-2786,-356
-2786,-355
-2787,-352
-2788,-353
-2790,-352
-2794,-355
-2795,-353
-2807,-361
-2807,-360
-2792,-349
-2794,-346
-2794,-346
-2796,-346
-2797,-346
-2798,-345
-2801,-343
-2801,-342
-2801,-340
-2812,-320
-2822,-325
-2810,-348
-2812,-349
-2825,-326
-2842,-336
-2821,-371
-2823,-372
-2843,-337
-2858,-345
-2837,-381
-2839,-381
-2859,-346
-2873,-354
-2864,-367
-2866,-368
-2875,-355
-2884,-361
-2864,-397
-2866,-398
-2888,-361
-2811,-314
-2815,-307
-2839,-320
-2841,-316
-2817,-303
-2827,-285
-2832,-288
-2829,-293
-2836,-296
-2837,-294
-2833,-291
-2837,-283
-2843,-286
-2844,-284
-2836,-279
-2833,-284
-2830,-282
-2847,-251
-2870,-265
-2875,-259
-2850,-245
-2854,-237
-2451,2
-2562,188
-2641,141
-2649,153
-2647,156
-2647,156
-2649,157
-2651,156
-3005,-53
-3115,-35
-3197,106
-2955,250
-2955,253
-2957,251
-2965,264
-2505,537
-2291,176
-2275,185
-2272,180
-2288,172
-2242,99
-2165,143
-2173,157
-2245,116
-2265,148
-1726,468
-1692,413
-1682,408
-1649,426
-1681,478
-1672,484
-1638,426
-1636,426
-1636,426
-1636,428
-1649,451
-1646,451
-1649,456
-1645,457
-1644,455
-1643,457
-1644,462
-1634,467
-1636,471
-1633,473
-1647,498
-1656,493
-1660,500
-1662,501
-1662,503
-1662,505
-1660,506
-1658,504
-1658,504
-1657,501
-1654,497
-1645,503
-1647,507
-1647,508
-1649,509
-1649,510
-1649,513
-1647,513
-1647,513
-1645,511
-1646,509
-1640,502
-1645,500
-1629,476
-1615,486
-1607,482
-1602,484
-1582,471
-1582,468
-1577,468
-1577,470
-1575,472
-1573,481
-1573,483
-1575,485
-1580,492
-1577,493
-1577,495
-1580,500
-1580,502
-1577,503
-1575,506
-1566,509
-1564,524
-1565,524
-1566,526
-1565,528
-1582,551
-1584,550
-1585,552
-1589,550
-1588,549
-1591,547
-1591,548
-1595,545
-1594,544
-1598,542
-1601,545
-1598,548
-1597,547
-1579,559
-1577,556
-1581,553
-1564,530
-1561,530
-1559,530
-1557,528
-1559,526
-1553,518
-1550,518
-1545,517
-1543,518
-1539,519
-1539,521
-1537,522
-1537,524
-1539,527
-1539,528
-1528,536
-1526,538
-1525,538
-1517,535
-1500,549
-1496,552
-1494,555
-1492,558
-1482,567
-1471,575
-1463,581
-1453,587
-1476,621
-1494,616
-1499,614
-1500,616
-1503,614
-1505,616
-1494,623
-1493,621
-1496,619
-1496,617
-1478,622
-1478,625
-1467,632
-1466,631
-1476,624
-1469,615
-1469,616
-1467,615
-1469,614
-1451,588
-1442,596
-1441,598
-1442,600
-1442,601
-1442,603
-1445,605
-1445,609
-1445,613
-1447,615
-1447,616
-1445,618
-1400,654
-1382,670
-1336,717
-1330,722
-1328,722
-1303,742
-1292,736
-1289,721
-1293,701
-1294,696
-1288,698
-1285,692
-1290,691
-1254,657
-1260,650
-1262,648
-1260,646
-1228,616
-1206,635
-1199,642
-1186,647
-1183,649
-1171,651
-1166,649
-1166,646
-1165,644
-1155,645
-1146,644
-1146,646
-1141,646
-1141,643
-1139,639
-1126,648
-1092,600
-1092,599
-1090,599
-1089,598
-1070,598
-1070,646
-1074,648
-1076,649
-1076,651
-1082,651
-1083,654
-1085,654
-1088,657
-1090,660
-1090,662
-1089,665
-1088,666
-1090,669
-1093,671
-1095,675
-1096,676
-1097,679
-1099,679
-1101,681
-1103,682
-1105,682
-1105,685
-1108,682
-1110,682
-1115,684
-1116,685
-1122,688
-1125,691
-1125,693
-1123,710
-1121,712
-1117,716
-1112,718
-1108,720
-1103,720
-1092,718
-1092,721
-1091,721
-1089,721
-1089,731
-1087,731
-1083,730
-1078,726
-1067,725
-1067,848
-1108,836
-1119,833
-1129,832
-1134,830
-1143,824
-1148,824
-1155,823
-1160,823
-1165,822
-1169,820
-1170,817
-1173,817
-1177,817
-1179,818
-1184,820
-1193,819
-1197,819
-1202,824
-1205,826
-1212,823
-1215,822
-1221,815
-1225,815
-1231,816
-1235,820
-1238,823
-1242,822
-1247,825
-1251,833
-1250,838
-1247,849
-1241,856
-1232,864
-1206,886
-1197,896
-1192,901
-1184,908
-1179,911
-1177,913
-1175,917
-1175,920
-1175,925
-1170,934
-1164,946
-1154,958
-1145,967
-1139,973
-1133,973
-1130,975
-1124,973
-1116,982
-1120,983
-1120,986
-1118,989
-1116,991
-1115,996
-1116,997
-1116,1000
-1115,1002
-1112,1001
-1107,996
-1106,992
-1097,986
-1097,982
-1102,980
-1109,982
-1111,985
-1113,982
-1116,982
-1124,973
-1123,969
-1128,966
-1131,965
-1132,961
-1132,958
-1129,953
-1122,950
-1112,949
-1103,952
-1094,958
-1085,965
-1076,971
-1071,977
-1068,982
-1068,987
-1066,991
-1077,996
-1078,995
-1080,995
-1082,996
-1086,998
-1088,997
-1091,998
-1093,1002
-1093,1008
-1090,1012
-1084,1015
-1080,1018
-1076,1023
-1070,1027
-1067,1026
-1062,1024
-1060,1022
-1061,1021
-1062,1019
-1060,1011
-1060,1009
-1062,1010
-1065,1014
-1070,1011
-1075,1004
-1080,999
-1077,996
-1066,991
-1062,992
-1055,991
-1048,993
-1037,996
-1031,1001
-1024,1008
-1019,1016
-1017,1022
-1017,1027
-1015,1033
-1016,1036
-1026,1046
-1033,1039
-1028,1036
-1029,1033
-1035,1036
-1040,1034
-1043,1037
-1045,1043
-1041,1048
-1037,1053
-1035,1057
-1031,1062
-1026,1066
-1022,1066
-1016,1066
-1010,1063
-1008,1060
-1009,1057
-1008,1051
-1010,1051
-1013,1056
-1015,1055
-1020,1053
-1025,1048
-1013,1036
-1006,1036
-996,1036
-990,1038
-979,1045
-975,1051
-972,1056
-970,1062
-969,1069
-970,1074
-959,1083
-960,1087
-974,1082
-980,1075
-977,1072
-979,1070
-984,1071
-986,1071
-991,1074
-992,1080
-991,1085
-987,1090
-968,1100
-960,1100
-954,1094
-955,1082
-947,1080
-941,1079
-936,1080
-930,1086
-926,1090
-922,1099
-917,1104
-916,1109
-922,1113
-923,1118
-920,1121
-965,1171
-970,1174
-972,1179
-970,1185
-965,1191
-956,1196
-942,1201
-929,1211
-925,1208
-920,1206
-920,1200
-924,1193
-945,1179
-958,1172
-965,1171
-920,1121
-915,1121
-911,1118
-908,1118
-897,1126
-884,1138
-881,1142
-882,1148
-882,1149
-881,1150
-879,1149
-877,1149
-864,1161
-851,1171
-842,1178
-827,1189
-815,1195
-797,1200
-794,1201
-790,1201
-790,1203
-790,1206
-790,1208
-787,1208
-785,1207
-784,1205
-783,1201
-781,1200
-776,1197
-774,1196
-772,1195
-769,1195
-767,1195
-765,1193
-767,1191
-770,1189
-776,1185
-781,1183
-783,1183
-783,1181
-781,1180
-777,1179
-767,1176
-761,1176
-756,1176
-747,1178
-740,1182
-734,1186
-729,1193
-723,1201
-720,1208
-718,1211
-718,1215
-717,1216
-731,1230
-734,1228
-734,1226
-736,1225
-736,1224
-736,1223
-733,1221
-731,1220
-733,1218
-734,1217
-742,1221
-743,1221
-743,1224
-744,1225
-747,1231
-747,1233
-747,1236
-743,1239
-730,1246
-720,1255
-716,1257
-715,1259
-714,1261
-711,1261
-707,1263
-702,1265
-698,1265
-694,1263
-691,1261
-689,1260
-689,1258
-690,1257
-691,1256
-693,1256
-695,1258
-700,1261
-700,1260
-702,1258
-711,1247
-717,1242
-723,1236
-731,1230
-716,1217
-715,1217
-714,1217
-712,1216
-709,1217
-706,1220
-702,1222
-702,1225
-702,1229
-702,1231
-700,1235
-698,1235
-693,1236
-682,1236
-672,1237
-663,1241
-657,1246
-650,1253
-646,1261
-643,1266
-642,1271
-642,1274
-645,1276
-649,1278
-653,1283
-655,1287
-655,1290
-656,1292
-657,1292
-662,1286
-663,1285
-665,1283
-669,1285
-669,1285
-669,1286
-666,1289
-665,1291
-664,1292
-663,1295
-662,1298
-660,1302
-660,1304
-662,1309
-662,1311
-660,1311
-658,1311
-656,1311
-653,1315
-644,1327
-635,1335
-630,1339
-626,1346
-617,1355
-586,1383
-545,1429
-534,1442
-534,1443
-534,1446
-534,1446
-533,1446
-529,1444
-522,1439
-521,1436
-522,1433
-522,1431
-526,1429
-529,1429
-532,1429
-534,1429
-534,1427
-535,1424
-534,1421
-531,1419
-526,1416
-520,1414
-513,1414
-506,1414
-497,1417
-486,1424
-482,1428
-477,1434
-475,1439
-472,1445
-469,1456
-468,1461
-465,1465
-474,1476
-479,1472
-485,1469
-485,1466
-485,1461
-489,1460
-495,1461
-499,1466
-499,1474
-475,1495
-470,1496
-465,1496
-461,1490
-461,1484
-463,1480
-466,1482
-468,1482
-474,1476
-465,1465
-463,1465
-456,1465
-450,1465
-442,1467
-435,1472
-430,1477
-426,1483
-423,1489
-421,1496
-421,1500
-421,1506
-423,1509
-424,1511
-425,1513
-429,1513
-431,1513
-436,1511
-437,1511
-439,1508
-441,1508
-443,1509
-443,1511
-442,1514
-441,1517
-441,1520
-443,1522
-443,1524
-441,1526
-440,1526
-439,1526
-438,1523
-436,1521
-432,1521
-429,1521
-425,1522
-420,1525
-394,1550
-383,1562
-378,1566
-365,1575
-351,1583
-342,1587
-331,1588
-323,1587
-312,1585
-303,1581
-295,1575
-281,1561
-274,1553
-266,1548
-257,1545
-247,1544
-237,1544
-236,1547
-227,1547
-227,1546
-221,1546
-210,1543
-201,1536
-200,1528
-199,1524
-192,1524
-192,1510
-196,1510
-196,1506
-233,1505
-263,1505
-264,1517
-266,1519
-271,1520
-273,1520
-275,1518
-273,1499
-273,1494
-270,1486
-268,1481
-264,1475
-257,1467
-245,1455
-238,1449
-228,1443
-218,1438
-216,1448
-224,1451
-232,1460
-248,1477
-250,1481
-250,1485
-250,1488
-248,1491
-244,1492
-225,1492
-208,1493
-203,1492
-200,1490
-198,1487
-196,1478
-195,1467
-195,1460
-196,1454
-197,1451
-200,1448
-204,1445
-208,1445
-211,1446
-214,1437
-207,1435
-203,1434
-197,1434
-190,1432
-186,1428
-174,1414
-169,1410
-162,1407
-155,1404
-150,1404
-146,1405
-144,1408
-138,1419
-149,1424
-151,1420
-155,1418
-158,1417
-160,1418
-167,1423
-172,1428
-178,1439
-180,1446
-181,1458
-181,1468
-181,1470
-179,1473
-175,1475
-169,1477
-161,1476
-158,1475
-155,1474
-152,1470
-144,1438
-144,1433
-145,1429
-135,1424
-133,1427
-132,1433
-131,1437
-131,1441
-140,1476
-142,1481
-145,1485
-152,1488
-158,1490
-163,1490
-178,1490
-182,1490
-186,1493
-188,1496
-189,1499
-189,1509
-190,1510
-190,1524
-185,1524
-185,1534
-188,1542
-191,1547
-196,1551
-201,1553
-207,1556
-211,1557
-211,1561
-206,1560
-186,1556
-179,1554
-167,1547
-155,1537
-149,1530
-140,1524
-116,1510
-100,1501
-91,1495
-52,1448
-51,1444
-51,1440
-52,1435
-52,1430
-55,1429
-57,1430
-66,1447
-106,1425
-93,1404
-93,1403
-81,1361
-78,1346
-78,1343
-78,1337
-84,1291
-84,1290
-84,1288
-78,1272
-67,1255
-60,1246
-45,1230
-16,1257
-16,1258
-16,1259
-28,1296
-28,1299
-24,1326
-19,1335
-16,1335
-16,1335
-4,1328
-5,1326
9,1316
17,1307
23,1300
33,1281
33,1275
29,1259
14,1229
12,1226
5,1222
-3,1222
-19,1207
-21,1202
-21,1198
-19,1189
-11,1194
-11,1200
-9,1204
-4,1206
3,1207
13,1211
23,1220
27,1226
34,1241
39,1250
42,1254
47,1254
50,1252
59,1237
60,1229
59,1224
51,1213
39,1200
27,1191
17,1186
7,1183
0,1183
-8,1189
-15,1184
-3,1173
4,1163
13,1146
19,1128
24,1113
28,1111
35,1111
35,1130
37,1133
44,1134
42,1143
38,1142
34,1143
27,1148
22,1157
20,1163
22,1168
26,1174
42,1185
53,1192
66,1209
70,1211
73,1212
77,1212
80,1209
88,1198
91,1191
94,1181
95,1171
95,1165
92,1161
89,1156
83,1153
76,1151
68,1150
47,1146
49,1136
60,1136
62,1134
66,1118
68,1107
70,1105
79,1104
90,1101
101,1093
108,1089
113,1086
117,1084
121,1083
122,1096
117,1097
114,1099
109,1105
100,1111
89,1115
83,1117
80,1120
79,1126
79,1133
81,1136
86,1140
94,1142
125,1142
132,1141
138,1137
143,1132
146,1127
146,1121
146,1114
144,1108
140,1101
136,1097
131,1096
127,1096
127,1083
132,1083
138,1085
142,1087
147,1092
152,1097
157,1103
159,1110
160,1118
160,1127
158,1135
154,1141
148,1148
140,1153
126,1157
119,1160
115,1164
113,1168
112,1181
109,1192
106,1202
99,1214
84,1234
71,1251
53,1281
40,1307
30,1321
19,1331
7,1339
3,1339
0,1337
-1,1333
-3,1330
-15,1337
-13,1340
-1,1333
0,1335
-12,1342
-12,1343
-16,1346
-18,1347
-30,1393
-31,1398
-32,1401
-31,1404
-30,1408
-28,1411
-28,1414
-28,1419
-30,1423
-32,1429
-33,1430
-32,1432
-31,1433
-30,1432
-15,1411
-12,1408
-8,1404
39,1362
51,1346
67,1326
72,1316
79,1302
85,1292
92,1284
108,1266
110,1263
114,1258
116,1255
123,1244
159,1188
173,1166
191,1139
198,1132
200,1123
206,1092
207,1091
205,1090
139,1053
137,1052
135,1052
126,1051
111,1053
99,1056
91,1059
87,1061
85,1061
80,1068
76,1072
65,1076
49,1080
27,1085
15,1085
1,1086
-4,1086
-6,1087
-8,1089
-9,1092
-11,1092
-14,1092
-15,1093
-15,1096
-9,1098
-15,1116
-22,1136
-28,1146
-35,1153
-43,1158
-53,1160
-58,1150
-45,1149
-36,1141
-25,1094
-20,1095
-20,1093
-20,1091
-20,1091
-22,1090
-25,1089
-25,1088
-22,1073
-22,1071
-21,1066
-20,1060
-20,1052
-22,1049
-26,1041
-27,1041
-29,1037
-35,1036
-37,1035
-40,1036
-47,1036
-49,1037
-54,1038
-58,1039
-63,1041
-69,1041
-73,1042
-81,1041
-82,1039
-83,1036
-85,1036
-116,1025
-125,1024
-142,1023
-146,1023
-148,1024
-150,1025
-156,1030
-160,1032
-163,1036
-165,1038
-170,1041
-175,1042
-176,1042
-180,1042
-180,1046
-181,1047
-181,1051
-188,1053
-191,1051
-192,1051
-196,1051
-203,1053
-206,1053
-217,1055
-226,1054
-232,1053
-238,1053
-247,1051
-258,1051
-264,1051
-284,1046
-293,1041
-307,1031
-318,1022
-325,1015
-330,1011
-338,1008
-340,1007
-342,1008
-347,1007
-348,1006
-349,1005
-350,1003
-352,1002
-354,1001
-355,1002
-357,1002
-361,1002
-363,1001
-366,1001
-368,1001
-370,1001
-370,996
-370,996
-370,994
-372,994
-372,996
-371,996
-371,1001
-372,1001
-375,1001
-377,1001
-380,1000
-380,1001
-380,1002
-383,1001
-384,1001
-389,1001
-393,1000
-396,1000
-405,1000
-408,1001
-415,1002
-425,1005
-440,1008
-448,1010
-460,1010
-469,1009
-480,1008
-493,1007
-507,1006
-519,1006
-528,1006
-534,1005
-537,1005
-550,999
-557,999
-566,996
-583,990
-590,986
-596,984
-602,981
-604,980
-606,979
-629,960
-629,957
-629,955
-631,953
-628,947
-626,949
-624,946
-631,941
-631,941
-635,939
-635,940
-638,939
-639,941
-635,943
-638,946
-641,946
-644,946
-646,945
-647,946
-649,945
-650,944
-648,939
-647,935
-645,813
-640,813
-636,822
-631,828
-631,831
-631,833
-623,846
-611,859
-599,869
-585,880
-573,888
-559,896
-551,900
-539,902
-526,904
-517,905
-509,907
-507,908
-505,911
-502,912
-501,911
-500,910
-493,912
-492,914
-490,916
-487,919
-485,918
-485,916
-482,918
-487,931
-485,932
-480,918
-478,919
-480,928
-463,935
-460,929
-460,936
-454,938
-447,938
-447,934
-453,934
-453,933
-437,933
-437,949
-421,952
-421,950
-434,948
-434,941
-420,941
-420,940
-434,940
-434,934
-421,934
-421,931
-418,933
-406,898
-406,897
-406,893
-395,897
-397,901
-399,900
-400,904
-396,905
-393,898
-388,900
-391,910
-390,910
-391,914
-386,915
-385,913
-370,917
-372,926
-393,933
-391,936
-376,931
-375,934
-391,939
-392,942
-340,959
-225,995
-213,999
-155,970
-84,934
-85,931
-93,934
-99,923
-95,920
-91,924
-89,925
-82,922
-80,923
-69,925
-69,927
-1,894
0,893
0,891
0,891
-96,801
-148,754
-220,686
-220,685
-223,685
-333,689
-417,693
-420,693
-423,694
-577,782
-630,812
-634,802
-640,785
-641,775
-642,765
-640,713
-631,713
-629,713
-626,712
-564,676
-451,612
-362,561
-241,557
-118,553
-110,554
-105,555
-104,556
-43,614
66,716
118,764
120,765
121,765
146,738
147,735
147,734
147,733
97,671
61,626
111,581
195,675
265,751
267,1847
258,1854
257,1856
255,1859
254,1862
252,1864
249,1866
246,1868
215,1832
217,1830
219,1826
220,1820
221,1807
219,1804
217,1802
212,1799
205,1796
180,1790
121,1771
120,1770
111,1773
111,1774
-149,1774
-166,1740
-190,1714
-221,1716
-241,1728
-230,1775
-2415,1778
-2416,1776
-2410,1770
-2419,1761
-2426,1767
-2462,1735
-2459,1731
-2458,1732
-2453,1729
-2469,1715
-2471,1718
-2470,1719
-2474,1723
-2480,1719
-2491,1731
-2515,1715
-2516,1703
-2530,1688
-2514,1672
-2521,1667
-2534,1683
-2557,1660
-2563,1656
-2577,1646
-2588,1639
-2582,1631
-2577,1634
-2571,1626
-2586,1616
-2592,1622
-2588,1626
-2595,1634
-2597,1631
-2601,1628
-2601,1624
-2599,1621
-2640,1596
-2644,1600
-2648,1597
-2644,1593
-2644,1591
-2648,1589
-2654,1582
-2654,1581
-2655,1577
-2658,1576
-2660,1578
-2674,1567
-2676,1567
-2680,1565
-2679,1562
-2687,1556
-2689,1556
-2691,1552
-2696,1549
-2700,1540
-2699,1534
-2694,1538
-2689,1531
-2700,1521
-2700,1521
-2703,1523
-2707,1533
-2736,1520
-2740,1517
-2736,1507
-2732,1508
-2729,1500
-2743,1494
-2746,1502
-2742,1505
-2746,1515
-2748,1515
-2751,1516
-2757,1516
-2811,1502
-2824,1501
-2835,1503
-2850,1509
-2871,1520
-2875,1522
-2876,1524
-2880,1533
-2880,1535
-2880,1550
-2881,1550
-2884,1551
-2885,1553
-2885,1557
-2890,1557
-2890,1603
-2885,1603
-2887,1627
-2885,1633
-2880,1654
-2866,1702
-2865,1709
-2865,1730
-2865,1733
-2861,1744
-2864,1747
-2886,1755
-2891,1744
-2898,1746
-2894,1757
-2899,1759
-2902,1750
-2907,1750
-2905,1760
-2916,1763
-2927,1726
-2937,1692
-2935,1692
-2938,1681
-2941,1682
-2952,1648
-2968,1633
-2977,1633
-2979,1633
-2999,1637
-3053,1677
-3090,1749
-3246,1750
-3238,1745
-3230,1742
-3218,1738
-3209,1735
-3203,1731
-3199,1728
-3197,1722
-3193,1711
-3194,1700
-3203,1673
-3210,1654
-3199,1647
-3199,1644
-3212,1652
-3220,1643
-3229,1633
-3239,1629
-3234,1614
-3225,1616
-3225,1613
-3235,1611
-3240,1629
-3256,1623
-3271,1619
-3286,1616
-3300,1615
-3298,1600
-3296,1600
-3296,1598
-3301,1598
-3301,1599
-3298,1600
-3301,1613
-3314,1610
-3326,1608
-3337,1607
-3345,1607
-3353,1608
-3353,1599
-3350,1599
-3352,1590
-3354,1590
-3357,1572
-3343,1571
-3343,1572
-3334,1572
-3334,1568
-3271,1561
-3271,1563
-3258,1562
-3259,1559
-3215,1553
-3215,1557
-3201,1555
-3204,1546
-3234,1551
-3235,1541
-3229,1540
-3229,1531
-3241,1532
-3239,1551
-3292,1558
-3357,1567
-3359,1557
-3352,1556
-3353,1546
-3364,1548
-3358,1591
-3363,1591
-3362,1598
-3358,1597
-3357,1609
-3370,1611
-3380,1612
-3409,1618
-3424,1622
-3430,1623
-3430,1607
-3429,1606
-3430,1595
-3434,1595
-3437,1566
-3435,1566
-3436,1557
-3498,1566
-3498,1574
-3441,1566
-3435,1623
-3453,1626
-3471,1633
-3480,1636
-3491,1645
-3509,1658
-3525,1669
-3533,1676
-3545,1681
-3549,1683
-3559,1685
-3575,1689
-3582,1692
-3588,1697
-3595,1707
-3596,1715
-3596,1722
-3594,1733
-3584,1749
-3804,1750
-3806,496
-3767,476
-3756,472
-3718,467
-3694,494
-3751,521
-3749,530
-3740,526
-3742,521
-3694,499
-3693,504
-3684,500
-3687,492
-3691,491
-3713,466
-3679,457
-3643,437
-3622,461
-3613,452
-3617,448
-3622,452
-3638,435
-3629,429
-3587,394
-3561,399
-3559,401
-3550,394
-3555,389
-3560,394
-3583,389
-3572,371
-3570,360
-3572,351
-3577,344
-3621,300
-3613,291
-3604,300
-3600,297
-3612,285
-3624,297
-3718,201
-3731,194
-3739,192
-3733,165
-3700,131
-3651,179
-3654,181
-3649,185
-3644,180
-3752,75
-3757,80
-3744,94
-3741,92
-3703,129
-3737,163
-3743,191
-3753,190
-3770,180
-3783,175
-3797,174
-3812,176
-3819,179
-3822,181
-3830,182
-3831,170
-3834,170
-3834,182
-3860,179
-3862,177
-3865,175
-3867,175
-3864,171
-3867,167
-3866,165
-3873,159
-3878,164
-3887,155
-3881,150
-3888,145
-3898,155
-3900,151
-3907,140
-3900,133
-3906,126
-3911,131
-3916,126
-3911,121
-3919,114
-3923,118
-3930,114
-3925,108
-3935,100
-3945,109
-3957,102
-3960,99
-3971,80
-3985,61
-3990,56
-4007,38
-4000,32
-3998,36
-3995,34
-4000,28
-4009,36
-4013,31
-4007,25
-4009,22
-4015,28
-4027,17
-4018,7
-4015,10
-4009,2
-4011,0
-3955,-58
-3896,-2
-3899,1
-3896,3
-3885,-8
-3883,-5
-3879,-9
-3887,-17
-3890,-13
-3888,-11
-3895,-4
-3953,-59
-3945,-67
-3934,-57
-3931,-59
-3957,-83
-3959,-80
-3948,-69
-4030,14
-4055,-11
-4061,-68
-4067,-95
-4080,-134
-4104,-176
-4120,-197
-4224,-252
-4248,-256
-4261,-253
-4280,-257
-4286,-263
-4324,-272
-4349,-277
-4353,-277
-4355,-274
-4357,-271
-4366,-234
-4368,-232
-4371,-231
-4381,-233
-4381,-232
-4393,-234
-4369,-339
-4313,-326
-4310,-327
-4257,-314
-4256,-316
-4310,-329
-4310,-334
-4308,-334
-4307,-336
-4294,-333
-4294,-334
-4331,-344
-4331,-342
-4317,-339
-4317,-337
-4315,-336
-4316,-331
-4370,-344
-4423,-354
-4422,-358
-4418,-358
-4418,-359
-4406,-358
-4406,-359
-4443,-365
-4443,-364
-4430,-362
-4430,-359
-4427,-359
-4429,-354
-4481,-363
-4481,-361
-4430,-352
-4430,-344
-4425,-343
-4424,-349
-4373,-339
-4393,-249
-4397,-235
-4408,-238
-4408,-241
-4508,-263
-4510,-264
-4510,-268
-4512,-270
-4537,-271
-4550,-287
-4555,-302
-4559,-316
-4559,-331
-4558,-545
-4202,-540
-4031,-578
-4015,-612
-4004,-615
-3934,-616
-3901,-601
-3779,-577
-3851,-472
-3855,-473
-3870,-492
-3872,-489
-3863,-477
-3892,-489
-3895,-484
-3814,-453
-3812,-457
-3835,-466
-3837,-484
-3774,-575
-3717,-564
-3711,-559
-3668,-547
-3657,-543
-3645,-541
-3635,-540
-3625,-540
-3619,-539
-3549,-519
-3467,-601
-3445,-593
-3549,-359
-3722,-439
-3735,-435
-3737,-430
-3735,-429
-3733,-433
-3723,-436
-3549,-355
-3551,-349
-3557,-351
-3560,-344
-3550,-340
-3547,-346
-3549,-347
-3546,-354
-3495,-330
-3497,-323
-3445,-298
-3448,-292
-3438,-287
-3434,-296
-3495,-324
-3491,-332
-3545,-357
-3450,-568
-3445,-564
-3443,-559
-3437,-548
-3434,-544
-3445,-535
-3450,-527
-3449,-514
-3441,-503
-3428,-489
-3423,-411
-3403,-403
-3393,-342
-3387,-341
-3362,-258
-3365,-252
-3357,-249
-3355,-255
-3357,-257
-3385,-344
-3389,-345
-3401,-406
-3419,-413
-3425,-489
-3414,-483
-3290,-447
-3285,-439
-3264,-437
-3260,-433
-3210,-438
-3167,-444
-3132,-449
-3095,-457
-3093,-457
-3075,-460
-3049,-463
-3039,-465
-3019,-478
-2908,-488
-2894,-493
-2885,-482
-2872,-468
-2855,-453
-2858,-450
-2857,-449
-2855,-449
-2855,-450
-2853,-450
-2852,-449
-2827,-422
-2824,-419
-2820,-408
-2818,-404
-2814,-407
-2811,-409
-2812,-406
-2810,-402
-2810,-399
-2812,-399
-2811,-395
-2816,-389
-2813,-384
-2810,-383
-2807,-381
-2803,-379
-2801,-380
-2799,-381
-2790,-391
-2787,-391
-2783,-390
-2786,-386
-2789,-381
-2786,-366
-2775,-371
Feature No. 4
7
130,164
135,170
141,170
143,168
153,134
142,132
135,160
Feature No. 5
4
251,111
238,132
230,127
242,106
Feature No. 6
4
233,114
227,124
218,118
224,108
Feature No. 7
8
146,91
141,100
137,110
136,122
144,124
148,111
153,100
156,96
Feature No. 8
4
207,123
212,117
201,111
197,117
Feature No. 9
216
925,-738
933,-722
941,-714
987,-716
982,-692
985,-691
990,-718
1000,-716
996,-700
1006,-698
1010,-714
1029,-711
1025,-680
1028,-661
1043,-619
1032,-614
1035,-619
1032,-619
1031,-614
1029,-618
1031,-619
1032,-622
1030,-626
1027,-627
1023,-625
1021,-622
1023,-619
1025,-616
1028,-617
1029,-613
1023,-615
1023,-614
1029,-612
1024,-609
1023,-612
1019,-613
1015,-610
1013,-605
1015,-601
1019,-599
1024,-601
1025,-604
1025,-607
1029,-609
1028,-604
1029,-604
1031,-609
1033,-606
1032,-605
1030,-601
1033,-599
1036,-597
1039,-599
1041,-603
1040,-606
1037,-608
1035,-607
1032,-609
1038,-608
1039,-610
1033,-612
1045,-616
1048,-609
1066,-585
1061,-535
1056,-536
1054,-532
1056,-529
1061,-529
1062,-530
1074,-523
1073,-517
1045,-514
1034,-540
999,-539
1004,-528
1018,-528
1021,-519
999,-511
964,-502
945,-500
873,-500
874,-508
866,-514
858,-518
847,-516
839,-513
832,-507
827,-501
822,-487
819,-470
819,-448
819,-425
823,-380
858,-277
885,-215
912,-163
947,-109
974,-72
1002,-37
1063,19
1057,28
1081,50
1012,101
978,55
966,65
937,43
916,27
900,15
870,-2
828,-26
790,-45
739,-64
593,-107
589,-107
582,-105
576,-103
573,-100
570,-96
568,-90
566,-81
568,-75
571,-69
575,-64
582,-58
467,123
424,95
433,80
426,75
421,51
397,56
391,52
381,67
365,58
367,56
369,56
371,54
375,54
374,46
397,47
397,26
387,26
387,36
379,36
380,16
385,16
386,0
395,0
395,1
399,1
400,-14
395,-14
395,-35
393,-35
392,-14
384,-15
386,-41
399,-41
416,-91
417,-91
420,-102
419,-103
418,-112
420,-114
425,-110
427,-112
422,-117
403,-111
383,-125
382,-128
387,-138
404,-183
455,-181
461,-176
467,-175
473,-175
479,-180
482,-180
482,-173
479,-173
479,-171
483,-171
483,-173
482,-173
482,-180
525,-175
528,-179
539,-179
540,-176
739,-164
759,-166
771,-173
778,-180
786,-192
787,-203
786,-222
770,-341
766,-387
760,-414
768,-445
751,-449
754,-488
761,-511
769,-527
781,-545
794,-560
839,-594
862,-610
869,-614
879,-631
873,-634
877,-664
875,-677
886,-681
897,-687
880,-716
Feature No. 10
4
213,116
220,105
207,98
201,109
Feature No. 11
12
305,96
324,112
344,75
341,73
349,67
334,56
333,55
328,56
331,67
326,68
326,66
321,69
Feature No. 12
8
233,100
237,103
238,106
235,111
233,111
228,107
228,106
231,101
Feature No. 13
4
254,106
258,100
250,95
245,101
Feature No. 14
4
216,47
230,56
241,39
227,30
Feature No. 15
12
214,-16
227,-1
219,4
226,12
240,1
234,-4
240,-9
230,-20
224,-25
218,-29
216,-25
219,-22
Feature No. 16
18
219,-60
214,-52
240,-39
245,-48
240,-50
242,-52
243,-51
244,-51
246,-53
247,-55
246,-58
236,-63
234,-63
231,-61
231,-58
233,-56
235,-55
233,-53
Feature No. 17
7
275,16
284,16
284,27
281,27
277,26
275,21
274,20
Feature No. 18
6
263,-60
276,-58
276,-55
309,-52
310,-67
263,-71
Feature No. 19
6
210,98
220,105
224,96
224,95
216,90
214,91
Feature No. 20
4
186,98
198,105
203,96
190,90
Feature No. 21
4
221,-95
217,-87
231,-81
233,-84
Feature No. 22
6
227,-163
223,-155
225,-143
225,-129
231,-131
231,-149
Feature No. 23
9
140,42
143,49
156,44
161,50
167,56
170,49
165,46
161,41
158,35
Feature No. 24
6
205,38
212,43
227,19
216,8
203,29
209,31
Feature No. 25
9
182,10
176,23
195,35
199,28
196,26
197,24
191,18
187,15
188,12
Feature No. 26
6
138,-13
176,7
169,18
167,19
132,0
132,-1
Feature No. 27
17
155,-44
155,-42
162,-39
160,-35
174,-27
177,-28
181,-25
180,-23
188,-19
187,-17
157,-35
159,-39
154,-41
149,-31
189,-8
199,-21
158,-44
Feature No. 28
4
140,-16
151,-10
158,-21
146,-29
Feature No. 29
6
159,-46
198,-25
203,-34
202,-37
166,-56
164,-55
Feature No. 30
11
215,-40
227,-32
230,-32
231,-34
233,-37
231,-40
217,-46
216,-46
214,-46
212,-44
213,-41
Feature No. 31
61
639,-456
639,-463
637,-467
637,-470
636,-474
632,-474
632,-474
628,-475
624,-478
624,-476
620,-473
618,-473
616,-475
610,-474
609,-471
609,-468
613,-461
620,-455
622,-452
630,-446
630,-444
627,-440
622,-439
620,-440
620,-441
618,-442
617,-444
614,-446
610,-446
609,-444
609,-443
605,-444
598,-453
585,-464
581,-460
584,-454
589,-449
595,-447
599,-443
601,-439
599,-435
601,-431
604,-430
607,-430
612,-427
617,-419
620,-417
623,-422
617,-427
617,-430
622,-431
623,-430
629,-426
636,-414
642,-407
650,-409
651,-413
644,-424
643,-429
644,-443
641,-456
Feature No. 32
12
674,-317
670,-314
665,-308
658,-308
651,-299
651,-294
656,-286
661,-264
662,-285
664,-293
674,-302
674,-308
Feature No. 33
4
696,-254
707,-250
696,-214
685,-218
Feature No. 34
21
945,-319
950,-320
953,-318
954,-315
953,-312
953,-303
954,-303
954,-302
953,-302
954,-295
954,-293
952,-290
951,-290
948,-291
946,-292
942,-296
941,-298
941,-308
941,-309
940,-313
941,-314
Feature No. 35
18
957,-303
962,-303
963,-304
965,-304
966,-305
972,-305
973,-305
975,-304
977,-304
977,-302
975,-302
973,-304
972,-304
967,-303
966,-303
965,-302
963,-301
957,-302
Feature No. 36
22
972,-246
972,-249
979,-250
981,-249
985,-249
986,-247
987,-245
989,-235
991,-232
995,-231
996,-227
998,-225
999,-223
1000,-220
999,-219
994,-215
991,-215
988,-217
984,-218
977,-226
975,-233
974,-237
Feature No. 37
11
975,-300
978,-295
980,-292
982,-289
982,-287
983,-285
985,-285
984,-289
982,-292
980,-296
978,-301
Feature No. 38
30
985,-285
987,-286
989,-286
990,-285
1003,-278
1005,-277
1006,-277
1008,-273
1008,-273
1009,-271
1009,-267
1008,-267
1006,-264
1006,-264
1004,-264
1003,-265
996,-270
995,-271
994,-271
991,-271
988,-271
986,-271
984,-272
982,-274
981,-275
981,-276
981,-281
981,-282
981,-284
982,-284
Feature No. 39
4
981,-369
1035,-369
1018,-321
997,-322
Feature No. 40
11
997,-328
1013,-328
1010,-320
1009,-319
1009,-318
1008,-316
1005,-316
1002,-316
1000,-318
999,-319
998,-320
Feature No. 41
4
1030,-358
1034,-355
1015,-326
1012,-328
Feature No. 42
25
899,-384
898,-342
903,-313
907,-290
911,-281
934,-233
980,-170
1011,-134
1066,-58
1083,-41
1146,24
1163,34
1149,88
1145,89
1104,60
1071,31
1006,-32
970,-76
949,-108
927,-141
904,-180
880,-226
862,-268
835,-349
829,-370
Feature No. 43
230
2154,-488
2138,-539
2134,-548
1845,-438
1795,-421
1752,-415
1731,-414
1527,-421
1492,-421
1343,-415
1498,-421
1188,-409
1188,-408
1078,-406
1028,-404
977,-399
899,-383
898,-342
984,-360
1026,-360
1051,-345
1111,-269
1120,-205
1190,-130
1210,-80
1210,-59
1200,-3
1163,34
1155,67
1149,88
1165,95
1164,89
1166,88
1169,92
1175,94
1180,89
1185,77
1194,56
1221,23
1236,9
1258,-6
1272,-17
1296,-31
1306,-34
1318,-32
1328,-27
1348,-43
1383,-75
1381,-78
1388,-86
1407,-101
1426,-114
1443,-124
1451,-132
1460,-135
1471,-137
1481,-130
1483,-130
1465,-148
1488,-171
1509,-149
1516,-157
1537,-181
1568,-207
1580,-219
1609,-239
1627,-248
1637,-247
1653,-240
1721,-302
1728,-309
1748,-328
1767,-342
1775,-348
1787,-353
1796,-355
1804,-355
1813,-348
1805,-339
1817,-348
1829,-357
1840,-360
1866,-364
1873,-366
1882,-351
1897,-372
1925,-393
1959,-411
1997,-425
2055,-451
2041,-466
2035,-463
2031,-459
1974,-443
1954,-449
1954,-452
1951,-462
1951,-467
1958,-473
2030,-500
2031,-495
2041,-466
2055,-451
2062,-452
2061,-453
2155,-480
2163,-481
2188,-490
2213,-496
2233,-506
2252,-509
2273,-514
2291,-517
2305,-520
2308,-520
2331,-529
2363,-541
2410,-554
2445,-568
2463,-579
2485,-591
2511,-601
2521,-601
2535,-602
2547,-611
2578,-625
2603,-635
2626,-634
2684,-643
2742,-668
2760,-672
2802,-687
2828,-689
2846,-693
2867,-700
2897,-704
2957,-718
2985,-721
3027,-734
3036,-736
3043,-736
3052,-740
3086,-745
3099,-750
3117,-765
3132,-764
3137,-757
3152,-759
3164,-756
3168,-751
3167,-746
3170,-744
3177,-751
3180,-756
3194,-767
3243,-786
3355,-824
3402,-844
3450,-863
3478,-876
3508,-884
3541,-897
3613,-921
3690,-946
3702,-948
3717,-941
3730,-943
3772,-959
3784,-959
3790,-956
3794,-954
3804,-954
3822,-956
3833,-961
3835,-962
3845,-968
3859,-968
3866,-966
3870,-966
3927,-985
3945,-985
3954,-981
3973,-990
4047,-1023
4060,-1028
4090,-1039
4103,-1045
4115,-1049
4120,-1050
4123,-1054
4127,-1056
4131,-1057
4136,-1062
4150,-1066
4155,-1071
4163,-1072
4161,-1077
4163,-1079
4168,-1079
4170,-1080
4172,-1084
4176,-1088
4176,-1086
4183,-1085
4184,-1084
4187,-1079
4195,-1080
4206,-1084
4206,-1084
4205,-1085
4178,-1145
3810,-996
3784,-988
3736,-981
3586,-977
3539,-973
3520,-969
3062,-839
3035,-831
3000,-816
2930,-779
2907,-771
2863,-757
2226,-580
2205,-573
2155,-556
2134,-548
2138,-539
2140,-539
2158,-488
Feature No. 44
60
923,-342
977,-352
980,-352
983,-351
995,-334
996,-319
999,-316
1002,-315
1004,-315
1006,-315
1008,-316
1009,-317
1040,-365
1044,-367
1050,-368
1058,-368
1070,-364
1080,-359
1091,-350
1111,-329
1123,-313
1116,-282
1118,-269
1120,-258
1121,-251
1127,-239
1131,-232
1133,-219
1135,-212
1139,-204
1179,-156
1211,-124
1214,-115
1222,-105
1231,-88
1234,-58
1232,-39
1229,-29
1220,-13
1209,1
1180,22
1162,38
1155,39
1147,38
1112,8
1081,-24
1049,-60
1022,-102
997,-135
977,-170
957,-210
937,-248
931,-263
921,-301
915,-325
912,-330
911,-332
911,-334
913,-338
915,-340
Feature No. 45
15
955,-228
960,-228
961,-227
966,-220
967,-220
969,-216
969,-214
967,-214
964,-212
963,-212
961,-216
959,-216
956,-223
955,-225
955,-227
Feature No. 46
17
1025,-149
1022,-146
1022,-144
1022,-137
1022,-131
1025,-121
1029,-115
1030,-114
1031,-114
1034,-114
1034,-114
1043,-124
1044,-126
1042,-128
1030,-143
1030,-143
1030,-146
Feature No. 47
37
1084,-228
1086,-227
1085,-224
1084,-222
1080,-220
1078,-217
1075,-215
1075,-214
1075,-213
1075,-212
1075,-209
1075,-207
1076,-206
1078,-205
1080,-204
1083,-203
1083,-202
1087,-195
1086,-194
1081,-201
1080,-202
1079,-203
1075,-204
1074,-205
1073,-206
1071,-212
1071,-213
1071,-214
1072,-215
1073,-216
1075,-217
1076,-217
1078,-219
1079,-221
1080,-223
1081,-224
1082,-225
Feature No. 48
29
1090,-193
1092,-195
1092,-195
1094,-195
1096,-195
1096,-193
1100,-186
1101,-185
1103,-184
1103,-184
1105,-181
1105,-175
1103,-174
1101,-173
1098,-174
1096,-175
1094,-176
1094,-176
1087,-176
1086,-177
1085,-178
1083,-180
1081,-184
1081,-185
1082,-187
1085,-190
1087,-191
1086,-192
1088,-194
Feature No. 49
56
1125,-76
1125,-82
1125,-86
1132,-94
1137,-97
1141,-99
1146,-97
1150,-96
1151,-94
1143,-86
1141,-87
1140,-87
1140,-86
1142,-82
1144,-75
1145,-70
1147,-69
1148,-71
1147,-82
1144,-85
1152,-94
1158,-91
1161,-88
1164,-84
1167,-70
1169,-56
1173,-46
1173,-40
1171,-30
1169,-24
1170,-18
1173,-10
1174,-4
1169,0
1166,6
1159,12
1150,12
1144,9
1139,1
1137,-4
1137,-7
1139,-9
1142,-9
1144,-6
1147,-3
1151,-3
1155,-5
1156,-8
1153,-12
1148,-14
1146,-13
1142,-12
1138,-13
1135,-28
1130,-47
1127,-69
Feature No. 50
27
1141,-149
1146,-144
1148,-139
1150,-138
1151,-136
1153,-137
1157,-137
1158,-138
1161,-141
1161,-143
1161,-144
1162,-151
1161,-153
1160,-154
1159,-154
1157,-157
1155,-159
1153,-160
1152,-161
1150,-161
1148,-161
1146,-160
1145,-160
1142,-158
1141,-156
1141,-154
1140,-151
Feature No. 51
21
1157,-310
1172,-301
1178,-299
1198,-274
1208,-257
1224,-236
1230,-235
1260,-193
1261,-189
1260,-185
1262,-182
1260,-185
1260,-189
1260,-193
1229,-233
1224,-236
1208,-257
1197,-274
1178,-298
1172,-300
1157,-309
Feature No. 52
22
1192,-70
1193,-54
1194,-44
1195,-40
1198,-37
1203,-37
1207,-42
1207,-47
1205,-51
1205,-54
1204,-57
1203,-61
1203,-63
1204,-67
1205,-70
1204,-74
1204,-75
1202,-78
1200,-80
1197,-80
1193,-77
1192,-74
Feature No. 53
11
1265,-180
1268,-176
1274,-174
1315,-119
1325,-105
1299,-36
1297,-36
1324,-105
1273,-174
1267,-175
1265,-179
Feature No. 54
12
1280,-190
1282,-187
1282,-183
1289,-172
1357,-83
1360,-83
1360,-80
1357,-80
1288,-171
1281,-182
1281,-187
1279,-190
Feature No. 55
6
1360,-80
1381,-78
1385,-72
1387,-73
1382,-80
1360,-83
Feature No. 56
56
1029,-306
1029,-307
1030,-308
1032,-308
1033,-307
1060,-291
1067,-288
1074,-285
1076,-284
1076,-282
1080,-267
1082,-263
1084,-262
1085,-262
1086,-259
1088,-256
1088,-253
1088,-250
1088,-250
1087,-249
1086,-248
1085,-248
1087,-244
1088,-241
1087,-236
1087,-233
1086,-230
1085,-230
1085,-241
1085,-243
1084,-246
1082,-247
1081,-247
1080,-249
1079,-252
1078,-257
1076,-262
1072,-273
1071,-276
1071,-276
1068,-277
1060,-281
1057,-282
1055,-284
1053,-285
1051,-286
1046,-286
1042,-286
1040,-286
1039,-286
1038,-287
1033,-290
1031,-296
1029,-299
1027,-302
1027,-304
Feature No. 57
4
1341,-436
1364,-436
1364,-441
1341,-440
Feature No. 58
18
285,35
281,36
278,38
277,41
275,62
277,65
279,66
281,66
284,62
300,36
295,36
292,39
291,40
285,42
285,56
282,56
282,42
285,39
Feature No. 59
6
292,-30
290,-19
287,-19
286,-6
278,-7
280,-31
Feature No. 60
8
306,1
305,26
301,29
289,28
290,8
282,8
283,-3
302,-2
Feature No. 61
4
300,91
310,75
294,65
284,81
Feature No. 62
4
295,-8
289,-8
289,-14
295,-13
Feature No. 63
13
297,-6
305,-6
307,-32
305,-32
305,-34
305,-34
305,-35
302,-35
302,-39
308,-42
294,-44
292,-14
297,-14
Feature No. 64
4
301,64
310,50
301,46
294,59
Feature No. 65
4
313,71
320,60
310,53
303,66
Feature No. 66
4
310,49
315,43
308,38
304,45
Feature No. 67
4
322,57
325,50
316,45
313,52
Feature No. 68
4
346,8
343,11
316,4
318,0
Feature No. 69
4
349,1
347,8
318,0
320,-6
Feature No. 70
5
320,-16
335,-13
353,-9
350,1
320,-7
Feature No. 71
7
326,-17
340,-16
340,-24
326,-26
324,-25
321,-21
324,-19
Feature No. 72
11
322,25
322,28
324,30
332,28
340,24
343,19
340,15
338,14
331,15
326,20
324,21
Feature No. 73
8
323,-31
324,-37
333,-46
345,-46
340,-26
327,-28
326,-29
325,-31
Feature No. 74
4
342,-15
353,-12
359,-27
347,-31
Feature No. 75
5
343,48
358,57
368,41
356,39
351,35
Feature No. 76
4
347,-31
360,-29
364,-41
352,-44
Feature No. 77
6
366,-6
376,-5
374,30
370,40
350,35
356,25
Feature No. 78
6
535,-204
540,-194
544,-183
619,-179
620,-198
601,-202
Feature No. 79
4
280,-32
291,-31
292,-35
280,-37
Feature No. 80
4
280,-37
292,-36
292,-44
281,-46
Feature No. 81
7
348,-57
364,-53
366,-49
364,-41
352,-44
353,-48
347,-51
Feature No. 82
4
335,-54
346,-59
345,-47
335,-48
Feature No. 83
9
402,-101
395,-71
387,-56
387,-52
390,-50
393,-50
408,-83
411,-99
407,-102
Feature No. 84
4
316,-64
315,-52
334,-59
335,-71
Feature No. 85
5
333,-78
342,-61
346,-64
347,-70
340,-82
Feature No. 86
6
349,-86
355,-75
351,-70
348,-70
343,-83
344,-84
Feature No. 87
6
366,-111
355,-92
355,-88
364,-74
371,-76
371,-111
Feature No. 88
14
195,275
192,281
228,297
234,283
230,281
229,284
223,281
225,279
210,272
208,275
205,274
204,276
199,274
194,276
Feature No. 89
11
160,260
156,262
154,265
151,273
154,279
158,284
165,285
167,285
169,289
180,268
159,255
Feature No. 90
4
201,251
243,181
234,177
193,246
Feature No. 91
4
187,243
208,209
200,205
179,238
Feature No. 92
4
235,240
264,193
252,187
224,234
Feature No. 93
4
193,202
180,223
163,212
175,192
Feature No. 94
4
209,209
222,187
215,183
202,204
Feature No. 95
4
205,183
200,192
193,188
198,179
Feature No. 96
6
264,191
278,169
278,167
277,166
270,161
255,185
Feature No. 97
4
204,159
193,178
186,174
197,155
Feature No. 98
4
215,166
208,177
202,172
208,162
Feature No. 99
14
239,173
245,176
249,173
252,166
271,136
272,132
272,130
268,127
265,129
261,133
258,136
241,166
240,169
240,171
Feature No. 100
4
235,171
266,120
257,114
225,165
Feature No. 101
4
222,156
219,162
212,157
215,151
Feature No. 102
7
185,161
189,153
189,151
183,147
180,151
178,149
175,156
Feature No. 103
4
212,148
208,156
200,152
204,145
Feature No. 104
4
228,147
223,156
216,151
221,143
Feature No. 105
5
162,148
172,154
178,144
168,138
165,138
Feature No. 106
4
232,141
228,147
221,143
225,136
Feature No. 107
4
194,147
198,139
189,133
184,141
Feature No. 108
4
220,134
216,141
210,137
213,131
Feature No. 109
4
215,142
212,147
205,144
209,138
Feature No. 110
4
208,177
205,183
198,178
202,173
Feature No. 111
4
237,132
232,140
224,135
229,127
Feature No. 112
4
198,139
203,132
192,127
189,133
Feature No. 113
4
226,127
221,134
213,130
219,121
Feature No. 114
4
204,132
208,125
197,117
192,125
Feature No. 115
4
144,-123
170,-110
174,-118
147,-131
Feature No. 116
8
176,43
171,50
166,61
148,91
158,96
169,77
169,75
186,49
Feature No. 117
4
154,-142
181,-127
177,-118
149,-133
Feature No. 118
4
170,-162
157,-144
151,-149
163,-167
Feature No. 119
4
160,-144
187,-128
192,-136
164,-153
Feature No. 120
4
165,-154
192,-138
198,-145
171,-162
Feature No. 121
4
184,-184
173,-165
166,-170
180,-188
Feature No. 122
4
180,-114
177,-107
171,-110
175,-117
Feature No. 123
4
187,-58
198,-80
182,-87
172,-66
Feature No. 124
4
192,105
198,108
179,140
174,137
Feature No. 125
4
174,-165
189,-156
193,-163
179,-172
Feature No. 126
4
186,-123
181,-116
178,-118
182,-125
Feature No. 127
8
193,-118
185,-105
184,-104
182,-104
178,-107
187,-122
192,-120
193,-118
Feature No. 128
4
184,100
166,133
174,136
190,104
Feature No. 129
4
160,116
153,128
160,131
167,118
Feature No. 130
5
153,107
150,113
147,126
151,128
160,109
Feature No. 131
6
171,93
163,111
170,113
177,100
172,98
174,95
Feature No. 132
4
160,98
156,106
162,108
167,102
Feature No. 133
4
189,50
185,57
190,61
196,52
Feature No. 134
4
186,60
181,66
185,68
189,62
Feature No. 135
5
168,37
165,40
170,46
171,46
175,41
Feature No. 136
5
168,30
162,35
161,37
164,40
171,35
Feature No. 137
4
163,-1
180,8
188,-5
171,-14
Feature No. 138
4
182,-175
194,-167
199,-174
186,-182
Feature No. 139
4
199,50
186,69
193,73
205,53
Feature No. 140
7
193,-200
186,-194
186,-192
220,-167
227,-177
226,-185
220,-189
Feature No. 141
8
205,-140
205,-139
205,-138
197,-125
196,-124
194,-124
189,-128
199,-144
Feature No. 142
5
211,-138
189,-98
197,-97
211,-122
216,-135
Feature No. 143
4
195,78
189,87
197,91
203,81
Feature No. 144
4
205,61
197,75
205,79
213,65
Feature No. 145
4
203,82
197,92
203,96
210,86
Feature No. 146
6
217,-135
212,-119
198,-96
207,-92
222,-124
222,-134
Feature No. 147
6
215,-161
213,-159
215,-157
208,-144
201,-148
211,-163
Feature No. 148
4
214,-67
202,-72
206,-79
217,-73
Feature No. 149
4
210,73
206,80
219,87
223,80
Feature No. 150
4
218,-107
210,-90
216,-88
220,-98
Feature No. 151
4
218,-149
212,-139
221,-136
220,-149
Feature No. 152
4
202,9
207,14
200,24
195,18
Feature No. 153
4
190,12
197,15
202,6
197,0
Feature No. 154
4
189,11
197,0
190,-4
182,8
Feature No. 155
5
203,-5
214,6
209,11
198,1
197,-1
Feature No. 156
4
206,-9
218,3
224,0
212,-14
Feature No. 157
4
207,-31
200,-18
207,-14
215,-25
Feature No. 158
4
205,-47
211,-60
200,-66
193,-53
Feature No. 159
6
223,-116
219,-109
223,-95
234,-84
237,-87
229,-98
Feature No. 160
6
225,80
233,84
230,89
228,90
222,87
222,86
Feature No. 161
7
225,-128
231,-129
232,-114
243,-93
238,-90
229,-106
227,-116
Feature No. 162
4
240,72
233,83
226,79
232,68
Feature No. 163
8
228,-165
232,-151
233,-131
238,-133
238,-139
240,-154
236,-174
234,-174
Feature No. 164
9
233,-129
239,-131
239,-125
244,-110
250,-98
245,-94
237,-107
234,-119
232,-125
Feature No. 165
5
233,-81
233,-84
237,-86
243,-78
242,-75
Feature No. 166
6
239,49
234,54
234,56
242,61
245,61
248,55
Feature No. 167
4
243,100
252,86
245,81
235,95
Feature No. 168
4
241,46
239,49
249,55
250,52
Feature No. 169
4
240,-87
251,-71
255,-75
244,-90
Feature No. 170
4
267,85
248,73
245,79
264,90
Feature No. 171
4
252,-96
245,-92
257,-74
263,-80
Feature No. 172
4
258,99
264,91
255,86
251,95
Feature No. 173
8
243,41
241,45
244,47
244,48
250,51
252,48
251,46
246,41
Feature No. 174
9
250,34
259,40
262,35
265,31
266,28
265,24
248,-1
239,7
254,26
Feature No. 175
6
245,-34
251,-31
257,-54
254,-55
253,-54
251,-53
Feature No. 176
4
260,-45
255,-33
263,-32
265,-44
Feature No. 177
6
265,-44
266,-49
265,-52
263,-52
261,-52
260,-46
Feature No. 178
4
254,-21
260,-22
262,-26
256,-28
Feature No. 179
4
256,-29
263,-27
263,-31
257,-33
Feature No. 180
131
387,-138
386,-138
361,-109
346,-92
347,-89
318,-76
310,-72
271,-78
254,-99
248,-112
243,-125
243,-139
245,-150
239,-177
222,-188
192,-203
171,-209
161,-209
150,-209
113,-193
92,-184
85,-184
72,-193
64,-201
54,-217
53,-228
55,-240
54,-245
45,-251
37,-250
27,-243
4,-238
-39,-237
-62,-235
-67,-234
-71,-232
-75,-229
-84,-214
-99,-200
-116,-193
-134,-189
-145,-190
-162,-196
-185,-199
-212,-213
-234,-220
-241,-230
-242,-237
-242,-242
-236,-255
-231,-269
-232,-280
-235,-293
-240,-298
-245,-301
-262,-303
-279,-302
-365,-292
-381,-288
-397,-286
-409,-289
-425,-295
-487,-309
-570,-299
-606,-290
-637,-279
-647,-279
-929,-308
-928,-315
-643,-286
-637,-286
-606,-297
-570,-307
-486,-316
-425,-303
-402,-295
-393,-294
-384,-294
-369,-299
-264,-312
-250,-314
-244,-312
-239,-310
-234,-305
-225,-293
-222,-275
-224,-264
-231,-239
-229,-233
-225,-229
-201,-222
-185,-215
-170,-209
-140,-200
-131,-200
-119,-203
-107,-209
-95,-227
-88,-238
-52,-250
-30,-247
-10,-248
11,-254
33,-262
47,-264
56,-259
73,-239
76,-228
76,-215
80,-206
87,-202
96,-201
110,-208
129,-219
141,-223
171,-223
186,-219
203,-214
247,-185
274,-148
276,-144
303,-111
309,-104
315,-100
323,-99
331,-103
344,-112
355,-126
380,-171
389,-180
404,-183
Feature No. 181
28
395,-354
397,-341
387,-329
382,-326
375,-329
374,-332
373,-338
362,-339
350,-346
346,-350
346,-356
351,-361
352,-371
361,-374
365,-381
366,-383
370,-387
376,-387
380,-383
380,-377
387,-378
389,-367
400,-368
403,-366
406,-363
406,-358
403,-354
400,-353
Feature No. 182
7
3,250
27,255
15,309
-5,304
-3,295
-14,294
-10,271
Feature No. 183
10
87,-30
101,-55
142,-30
131,-11
125,-15
121,-9
110,-16
114,-22
104,-29
99,-22
Feature No. 184
9
116,-259
107,-236
109,-230
125,-224
127,-227
122,-243
129,-254
129,-257
121,-260
Feature No. 185
3
79,-239
81,-226
95,-232
Feature No. 186
9
132,-254
152,-240
152,-231
145,-231
145,-229
130,-226
127,-236
126,-242
128,-245
Feature No. 187
7
104,-270
83,-242
98,-235
103,-238
112,-263
111,-267
108,-270
Feature No. 188
4
71,-295
98,-275
80,-249
52,-269
Feature No. 189
13
-1,-291
2,-290
4,-287
7,-285
9,-282
31,-320
27,-321
29,-324
20,-329
18,-326
15,-327
-6,-291
-4,-291
Feature No. 190
5
-11,-358
-15,-350
-3,-342
0,-346
0,-349
Feature No. 191
4
-26,103
-19,99
-16,103
-24,108
Feature No. 192
4
-22,117
-24,129
-16,124
-21,117
Feature No. 193
6
-24,93
-26,102
-26,103
-19,98
-22,93
-23,92
Feature No. 194
6
4,114
-9,87
-3,76
0,79
-3,87
9,111
Feature No. 195
7
22,129
2,138
-1,141
-7,147
-1,154
3,147
25,136
Feature No. 196
5
2,152
6,158
26,144
26,136
3,149
Feature No. 197
6
27,100
22,110
6,117
4,114
19,107
23,97
Feature No. 198
7
10,89
19,94
15,101
12,103
7,101
9,98
6,97
Feature No. 199
4
29,97
42,73
37,71
24,95
Feature No. 200
14
24,127
50,111
52,113
47,133
45,145
38,143
39,136
36,133
38,130
45,125
48,116
43,119
45,123
29,133
Feature No. 201
5
29,134
30,145
36,144
38,137
35,131
Feature No. 202
8
52,137
50,150
52,163
53,164
59,165
60,149
62,138
55,136
Feature No. 203
4
-1,126
0,131
6,129
4,123
Feature No. 204
4
-4,76
-7,81
-14,76
-11,71
Feature No. 205
5
-70,-117
-64,-108
-52,-105
-45,-118
-57,-127
Feature No. 206
4
-49,-140
-55,-131
-42,-122
-35,-132
Feature No. 207
9
-20,-166
-2,-156
11,-171
9,-173
14,-184
25,-179
25,-185
5,-195
-3,-184
Feature No. 208
11
-3,-54
2,-63
3,-66
1,-70
-9,-77
-12,-77
-15,-76
-17,-73
-14,-56
-12,-54
-8,-53
Feature No. 209
20
2,-111
5,-102
7,-102
4,-97
13,-91
17,-97
17,-94
27,-97
25,-105
27,-108
34,-110
32,-120
29,-120
32,-125
23,-131
19,-124
18,-127
8,-124
10,-120
7,-114
Feature No. 210
13
18,-170
47,-152
44,-147
43,-148
40,-145
36,-147
17,-159
16,-158
11,-161
10,-159
13,-158
9,-154
4,-155
Feature No. 211
10
31,-68
18,-54
21,-51
12,-41
17,-38
25,-47
30,-44
36,-53
33,-56
39,-63
Feature No. 212
8
29,-191
44,-181
32,-166
29,-168
27,-169
27,-182
26,-185
27,-189
Feature No. 213
6
38,-36
45,-44
45,-45
45,-46
37,-51
30,-42
Feature No. 214
4
34,-122
60,-108
63,-115
38,-129
Feature No. 215
4
50,-52
75,-81
58,-95
34,-66
Feature No. 216
12
47,-179
36,-166
36,-164
50,-155
53,-159
43,-164
46,-169
47,-169
52,-167
50,-164
53,-162
59,-169
Feature No. 217
14
44,-215
39,-208
38,-204
40,-202
55,-192
63,-185
77,-173
80,-175
80,-184
68,-189
57,-199
50,-214
48,-217
45,-218
Feature No. 218
9
45,-136
74,-120
80,-129
81,-131
83,-129
86,-135
76,-141
72,-133
50,-145
Feature No. 219
5
66,-105
66,-94
78,-86
88,-98
72,-111
Feature No. 220
8
97,-57
83,-32
71,-39
70,-45
72,-52
77,-56
82,-62
88,-63
Feature No. 221
6
79,-117
90,-111
95,-110
98,-111
110,-124
95,-132
Feature No. 222
4
82,-219
85,-208
89,-204
99,-226
Feature No. 223
7
85,-68
99,-61
104,-68
103,-72
98,-76
93,-76
89,-74
Feature No. 224
15
93,-179
94,-165
115,-149
127,-164
117,-171
117,-177
109,-182
109,-186
104,-185
105,-179
111,-174
111,-169
106,-162
99,-167
98,-179
Feature No. 225
6
101,-224
108,-227
120,-222
121,-219
95,-206
95,-207
Feature No. 226
4
59,-144
68,-138
71,-144
61,-148
Feature No. 227
4
85,-222
98,-226
96,-231
83,-226
Feature No. 228
4
86,63
78,74
71,70
78,58
Feature No. 229
4
29,73
-2,56
0,53
31,70
Feature No. 230
6
-19,50
-24,56
-25,60
-20,68
-15,70
-9,58
Feature No. 231
4
43,55
70,70
73,65
45,50
Feature No. 232
8
18,26
30,34
45,41
38,56
40,57
35,67
1,50
7,38
Feature No. 233
4
46,49
74,64
77,58
50,43
Feature No. 234
11
-6,34
-15,46
-13,46
-15,50
-17,49
-19,50
-7,59
0,41
-1,40
0,37
-3,34
Feature No. 235
4
61,45
81,56
84,51
64,39
Feature No. 236
4
64,39
86,50
89,44
68,32
Feature No. 237
4
67,32
60,45
50,39
58,26
Feature No. 238
4
55,26
49,39
42,34
48,22
Feature No. 239
4
-2,30
6,37
16,25
6,19
Feature No. 240
6
77,16
90,24
85,32
84,31
80,36
69,30
Feature No. 241
4
18,20
41,34
43,29
20,16
Feature No. 242
4
75,16
68,29
59,25
67,11
Feature No. 243
4
22,15
45,27
48,21
25,10
Feature No. 244
4
65,10
56,24
52,20
59,7
Feature No. 245
5
18,6
9,15
17,20
24,8
20,5
Feature No. 246
4
29,7
50,19
53,14
33,1
Feature No. 247
4
82,6
78,13
88,19
91,11
Feature No. 248
4
96,49
88,61
81,56
90,45
Feature No. 249
4
88,68
82,78
90,84
97,73
Feature No. 250
4
84,-6
109,7
111,3
87,-10
Feature No. 251
4
122,32
99,71
91,67
114,28
Feature No. 252
4
103,68
107,71
106,72
101,71
Feature No. 253
5
106,21
110,25
108,29
106,29
103,26
Feature No. 254
6
132,34
122,36
104,67
107,70
126,40
133,39
Feature No. 255
5
117,61
108,72
119,76
127,84
133,76
Feature No. 256
4
124,1
117,13
110,8
117,-3
Feature No. 257
4
123,31
130,20
123,16
116,27
Feature No. 258
5
125,49
120,57
120,59
125,63
132,55
Feature No. 259
4
131,18
135,9
128,5
124,13
Feature No. 260
4
132,59
125,65
131,71
137,64
Feature No. 261
4
130,50
133,48
130,45
127,47
Feature No. 262
4
134,47
140,45
139,42
133,44
Feature No. 263
4
88,-12
113,1
116,-3
91,-17
Feature No. 264
12
90,85
94,80
100,85
103,89
105,92
108,100
109,108
104,113
103,113
102,110
98,97
95,92
Feature No. 265
9
107,76
108,80
129,110
132,106
133,100
130,91
124,84
120,80
113,76
Feature No. 266
5
106,96
108,100
108,102
101,108
99,100
Feature No. 267
9
99,73
105,76
105,78
117,97
117,101
111,107
108,98
101,85
95,80
Feature No. 268
8
133,80
139,84
134,91
127,85
129,82
130,83
131,81
132,81
Feature No. 269
4
46,280
38,324
25,321
31,278
Feature No. 270
9
93,261
95,281
122,280
138,261
139,258
138,256
137,255
97,257
97,261
Feature No. 271
11
-38,269
-29,270
-27,260
-17,247
-14,249
-10,245
-19,237
-34,253
-41,253
-42,260
-38,260
Feature No. 272
12
25,219
28,225
31,226
29,232
28,232
26,236
23,235
23,232
15,230
17,224
10,222
12,216
Feature No. 273
4
97,232
130,229
130,226
97,228
Feature No. 274
8
125,213
130,208
145,224
145,227
143,228
132,229
132,225
134,224
Feature No. 275
4
79,223
83,194
77,193
71,221
Feature No. 276
4
68,222
77,178
68,176
60,221
Feature No. 277
10
50,219
59,221
66,178
59,176
57,183
56,187
53,196
50,204
49,210
50,216
Feature No. 278
14
49,175
48,180
45,186
44,197
41,208
40,216
40,219
50,220
48,213
50,201
53,191
56,182
57,178
56,175
Feature No. 279
4
92,195
88,216
84,216
88,195
Feature No. 280
15
45,147
45,152
48,169
47,175
37,200
35,205
35,215
29,214
29,204
31,199
40,173
40,169
38,154
36,149
38,147
Feature No. 281
4
18,202
16,211
26,214
29,204
Feature No. 282
4
4,209
14,210
16,201
7,199
Feature No. 283
11
30,147
36,147
36,152
39,165
39,171
36,180
29,197
26,203
20,199
30,178
32,174
Feature No. 284
6
21,164
28,163
29,174
16,199
10,196
22,173
Feature No. 285
4
2,193
8,196
11,190
5,187
Feature No. 286
8
2,170
0,173
-4,180
-4,182
0,184
-2,187
0,191
10,170
Feature No. 287
4
12,170
6,183
14,186
20,173
Feature No. 288
8
51,168
50,175
57,175
66,176
68,170
57,169
57,168
53,167
Feature No. 289
6
-4,163
-6,165
0,169
10,168
10,165
0,167
Feature No. 290
5
93,164
92,172
121,208
128,203
95,163
Feature No. 291
4
88,169
84,193
77,192
81,168
Feature No. 292
4
90,177
88,191
94,192
96,184
Feature No. 293
8
112,149
119,159
124,156
128,161
124,164
130,173
120,180
101,157
Feature No. 294
4
77,175
81,146
75,144
70,173
Feature No. 295
7
83,167
89,169
90,159
90,156
84,148
83,153
85,156
Feature No. 296
5
65,138
60,165
68,166
74,142
71,139
Feature No. 297
7
83,133
88,142
99,154
104,151
104,150
111,146
94,125
Feature No. 298
4
117,147
138,130
130,119
108,136
Feature No. 299
4
104,132
120,120
112,111
96,122
Feature No. 300
4
140,124
140,126
144,128
144,126
Feature No. 301
4
120,118
126,113
120,105
113,110
Feature No. 302
4
33,0
54,13
58,6
36,-4
Feature No. 303
8
53,-19
46,-24
43,-24
33,-13
34,-11
76,11
80,4
48,-13
Feature No. 304
5
32,-9
22,1
22,4
27,6
36,-6
Feature No. 305
7
-18,-27
-17,-8
0,5
24,-24
6,-39
-7,-22
-15,-29
Feature No. 306
4
51,-12
81,4
85,-1
54,-19
Feature No. 307
4
56,-21
84,-6
86,-11
59,-27
Feature No. 308
4
62,-27
87,-13
90,-18
65,-32
Feature No. 309
6
56,-36
49,-26
50,-25
55,-22
63,-33
57,-36
Feature No. 310
4
18,-35
30,-27
36,-36
26,-44
Feature No. 311
11
135,-83
142,-79
147,-87
145,-89
145,-92
144,-93
140,-95
137,-94
134,-92
135,-88
136,-86
Feature No. 312
11
129,-44
143,-36
145,-36
151,-45
151,-47
150,-49
136,-56
135,-56
134,-55
128,-47
128,-45
Feature No. 313
7
-60,139
-60,156
-58,164
-49,183
-41,179
-49,157
-50,138
Feature No. 314
13
-39,113
-33,115
-35,126
-35,136
-35,149
-35,156
-31,167
-37,174
-41,166
-39,164
-42,154
-43,138
-42,125
Feature No. 315
6
-34,92
-26,95
-30,103
-33,115
-40,113
-35,102
Feature No. 316
4
-26,95
-24,86
-31,84
-34,92
Feature No. 317
5
-28,108
-31,122
-33,135
-24,129
-22,116
Feature No. 318
4
-32,139
-32,153
-25,147
-30,139
Feature No. 319
5
-31,156
-31,159
-28,165
-21,156
-25,151
Feature No. 320
5
-22,132
-31,138
-28,141
-24,146
-18,138
Feature No. 321
4
-22,181
-5,204
-12,208
-28,185
Feature No. 322
4
-24,108
-18,117
-12,112
-16,104
Feature No. 323
10
-16,162
-23,168
-22,173
-15,182
-10,175
-8,177
-4,173
-4,169
-7,167
-10,168
Feature No. 324
9
-19,83
-18,82
-16,83
3,122
3,123
-3,126
-15,102
-19,97
-22,90
Feature No. 325
5
-21,132
-17,138
-12,132
-14,128
-15,128
Feature No. 326
4
-18,117
-15,122
-9,118
-12,112
Feature No. 327
4
-18,140
-13,147
-6,140
-11,133
Feature No. 328
4
-6,149
-15,158
-7,165
2,158
Feature No. 329
4
-14,122
-4,138
0,134
-9,118
Feature No. 330
5
301,-229
318,-219
305,-197
299,-200
289,-209
Feature No. 331
4
225,-234
216,-222
244,-205
251,-218
Feature No. 332
4
270,-228
287,-211
305,-245
285,-256
Feature No. 333
4
230,-237
235,-244
257,-226
251,-219
Feature No. 334
4
338,-254
320,-224
303,-233
321,-264
Feature No. 335
7
201,-264
214,-256
204,-237
189,-233
171,-242
173,-245
187,-239
Feature No. 336
6
234,-266
230,-261
230,-256
258,-235
260,-236
267,-246
Feature No. 337
4
287,-257
306,-247
318,-267
299,-276
Feature No. 338
6
245,-287
237,-272
268,-253
287,-281
283,-284
274,-270
Feature No. 339
4
265,-294
259,-283
274,-274
280,-286
Feature No. 340
6
251,-301
261,-296
254,-284
248,-288
251,-294
248,-296
Feature No. 341
6
276,-295
291,-287
302,-306
287,-315
285,-315
275,-296
Feature No. 342
4
263,-328
255,-306
271,-297
283,-316
Feature No. 343
4
283,-321
304,-308
314,-325
293,-338
Feature No. 344
4
270,-338
266,-331
280,-322
284,-331
Feature No. 345
15
305,-359
324,-346
323,-345
323,-343
324,-340
317,-329
312,-333
315,-339
310,-338
308,-333
293,-342
299,-351
310,-343
314,-343
300,-354
Feature No. 346
4
231,-347
251,-336
256,-345
235,-356
Feature No. 347
4
279,-360
271,-344
287,-336
295,-352
Feature No. 348
4
188,-359
192,-339
204,-345
200,-362
Feature No. 349
26
525,-280
529,-286
535,-282
542,-295
539,-298
537,-304
539,-311
546,-315
551,-313
553,-317
564,-316
584,-304
583,-217
570,-221
554,-221
557,-225
531,-240
525,-231
480,-254
490,-269
476,-277
481,-295
484,-301
490,-303
505,-299
502,-295
Feature No. 350
30
593,-319
592,-281
615,-281
615,-276
621,-276
621,-275
628,-278
629,-279
632,-281
632,-308
630,-311
632,-316
619,-324
615,-319
607,-324
607,-335
610,-339
610,-351
599,-351
599,-357
595,-357
595,-351
585,-351
588,-335
594,-335
594,-324
549,-330
547,-324
551,-324
551,-320
Feature No. 351
14
560,-349
577,-349
579,-348
582,-336
578,-336
566,-342
565,-339
561,-339
560,-337
559,-338
557,-333
552,-334
553,-338
555,-338
Feature No. 352
11
595,-259
593,-250
611,-239
607,-233
611,-230
614,-236
628,-229
631,-235
629,-236
633,-246
614,-258
Feature No. 353
15
612,-341
614,-337
617,-334
622,-332
628,-331
628,-333
629,-335
631,-337
629,-341
625,-344
621,-346
617,-347
614,-346
614,-344
613,-342
Feature No. 354
4
476,-276
470,-260
479,-255
487,-269
Feature No. 355
4
486,-287
480,-279
485,-276
490,-285
Feature No. 356
16
263,-383
271,-378
272,-378
260,-356
259,-351
257,-350
256,-352
260,-360
265,-369
263,-370
264,-372
262,-373
260,-371
257,-373
257,-374
261,-383
Feature No. 357
4
245,-355
254,-351
258,-358
249,-363
Feature No. 358
6
280,-363
296,-352
302,-363
286,-371
285,-372
283,-369
Feature No. 359
7
242,-369
238,-360
239,-359
244,-356
247,-361
244,-363
247,-367
Feature No. 360
4
263,-367
258,-359
251,-363
255,-371
Feature No. 361
12
189,-382
191,-374
195,-375
195,-372
191,-371
193,-365
186,-363
185,-368
182,-368
180,-374
184,-375
183,-380
Feature No. 362
4
255,-374
249,-366
243,-369
248,-377
Feature No. 363
6
260,-384
255,-374
248,-377
253,-387
254,-388
255,-388
Feature No. 364
5
471,-317
448,-279
464,-267
473,-299
480,-312
Feature No. 365
4
423,-332
436,-323
428,-311
415,-318
Feature No. 366
4
421,-320
424,-326
431,-322
427,-316
Feature No. 367
4
410,-373
418,-367
422,-373
414,-379
Feature No. 368
16
423,-415
442,-402
438,-395
424,-405
417,-395
429,-388
421,-377
410,-386
404,-379
384,-393
387,-399
404,-387
406,-391
393,-401
398,-408
411,-399
Feature No. 369
17
387,-417
377,-402
377,-398
382,-394
386,-400
386,-401
395,-414
405,-405
413,-417
410,-419
413,-424
415,-423
412,-419
417,-415
427,-428
406,-443
404,-439
Feature No. 370
4
424,-418
433,-411
437,-416
427,-423
Feature No. 371
9
366,-430
354,-415
339,-426
350,-441
358,-451
360,-451
362,-449
361,-447
355,-439
Feature No. 372
6
442,-431
446,-428
446,-425
443,-421
441,-420
435,-424
Feature No. 373
6
371,-449
362,-435
381,-422
387,-429
379,-435
382,-439
Feature No. 374
4
422,-447
416,-439
435,-424
441,-432
Feature No. 375
4
428,-456
423,-449
449,-429
453,-435
Feature No. 376
4
381,-434
387,-430
390,-434
385,-438
Feature No. 377
7
436,-466
430,-458
465,-430
477,-447
478,-450
470,-456
463,-446
Feature No. 378
6
339,-468
350,-459
329,-434
322,-440
330,-450
326,-454
Feature No. 379
18
387,-474
408,-456
394,-438
371,-456
370,-454
366,-456
366,-454
362,-457
375,-471
377,-474
379,-473
380,-471
380,-469
379,-469
385,-463
387,-466
385,-469
385,-471
Feature No. 380
46
558,-444
540,-414
529,-394
529,-390
527,-388
525,-391
518,-392
514,-388
514,-382
514,-378
514,-376
517,-373
518,-374
522,-376
527,-377
544,-366
552,-382
540,-389
548,-403
557,-397
565,-412
563,-414
573,-411
579,-421
596,-412
590,-400
596,-397
589,-383
607,-373
613,-376
612,-372
616,-366
623,-366
627,-369
629,-374
624,-378
620,-381
624,-381
623,-400
606,-409
610,-418
583,-434
579,-429
573,-434
571,-443
575,-448
Feature No. 381
15
625,-419
624,-420
624,-423
629,-420
632,-416
638,-409
638,-404
632,-404
629,-405
628,-409
626,-408
620,-411
622,-414
624,-414
624,-417
Feature No. 382
8
444,-420
444,-419
450,-414
452,-415
460,-427
460,-429
455,-434
453,-433
Feature No. 383
6
506,-467
516,-458
500,-439
517,-427
513,-423
486,-443
