Number of Roads : 726
Road No. 0
6
-69,194
-64,206
-57,244
-50,286
-41,320
-37,332
Road No. 1
14
-46,-163
-54,-169
-70,-182
-77,-186
-83,-188
-89,-189
-95,-189
-102,-187
-113,-183
-123,-179
-130,-177
-138,-176
-150,-176
-159,-177
Road No. 2
6
-45,-416
-47,-418
-50,-421
-55,-423
-60,-424
-68,-424
Road No. 3
2
-78,104
-43,62
Road No. 4
2
-38,67
-70,105
Road No. 5
2
-43,62
-33,50
Road No. 6
2
-29,56
-38,67
Road No. 7
2
-33,50
-19,34
Road No. 8
2
-15,39
-29,56
Road No. 9
2
-19,34
0,10
Road No. 10
2
-8,30
-15,39
Road No. 11
2
5,15
-8,30
Road No. 12
2
38,116
21,125
Road No. 13
2
21,125
10,132
Road No. 14
3
10,132
2,136
-5,141
Road No. 15
2
-5,141
-30,168
Road No. 16
3
-30,168
-38,177
-50,185
Road No. 17
2
52,108
38,116
Road No. 18
3
52,134
51,143
49,146
Road No. 19
2
58,113
52,134
Road No. 20
2
59,101
52,108
Road No. 21
2
55,111
52,108
Road No. 22
2
58,113
55,111
Road No. 23
2
58,109
58,113
Road No. 24
4
49,146
48,143
50,133
55,111
Road No. 25
2
55,111
58,109
Road No. 26
3
49,146
50,154
50,166
Road No. 27
5
50,166
49,175
42,193
40,201
39,217
Road No. 28
2
39,217
38,226
Road No. 29
3
-27,-173
-58,-137
-74,-124
Road No. 30
4
-60,-141
-51,-152
-30,-178
-17,-204
Road No. 31
2
-57,-147
-46,-163
Road No. 32
2
-57,-181
-41,-172
Road No. 33
3
-42,-158
-45,-152
-47,-147
Road No. 34
2
-42,-158
-46,-163
Road No. 35
2
-46,-163
-41,-172
Road No. 36
2
-36,-169
-42,-158
Road No. 37
3
-31,-149
-37,-154
-42,-158
Road No. 38
2
-41,-172
-36,-169
Road No. 39
2
-36,-169
-25,-163
Road No. 40
4
0,-125
0,-130
-2,-134
-31,-149
Road No. 41
3
-25,-163
-11,-154
-2,-152
Road No. 42
2
-41,-172
-33,-188
Road No. 43
2
-10,-222
-36,-169
Road No. 44
10
5,-130
2,-134
-1,-138
-24,-150
-29,-152
-33,-158
-35,-163
-35,-169
-34,-178
-17,-204
Road No. 45
5
-57,-181
-48,-179
-43,-179
-38,-182
-33,-188
Road No. 46
4
-31,-149
-38,-149
-42,-149
-47,-147
Road No. 47
3
-60,-141
-54,-154
-35,-190
Road No. 48
4
-11,-366
0,-355
5,-350
21,-341
Road No. 49
3
1,-349
-4,-354
-13,-363
Road No. 50
6
-13,-363
-20,-372
-23,-379
-27,-387
-32,-396
-38,-408
Road No. 51
10
-52,-425
-50,-424
-46,-422
-41,-417
-35,-409
-29,-398
-25,-388
-22,-382
-17,-373
-11,-366
Road No. 52
2
52,-404
48,-432
Road No. 53
2
51,-454
54,-418
Road No. 54
3
48,-432
46,-458
44,-500
Road No. 55
3
-38,-408
-42,-413
-45,-416
Road No. 56
2
-48,-311
-13,-363
Road No. 57
3
65,-169
33,-193
10,-207
Road No. 58
3
27,-276
-8,-209
-27,-173
Road No. 59
2
-33,-188
-14,-223
Road No. 60
2
29,-206
33,-204
Road No. 61
12
-17,-204
46,-322
48,-332
48,-344
48,-363
39,-450
33,-537
28,-589
23,-601
17,-609
9,-617
3,-622
Road No. 62
4
1,-220
10,-215
18,-212
29,-206
Road No. 63
2
10,-207
0,-215
Road No. 64
2
0,-215
-10,-222
Road No. 65
2
-8,-225
1,-220
Road No. 66
2
-10,-222
-14,-223
Road No. 67
2
-14,-223
-11,-227
Road No. 68
2
-11,-227
-8,-225
Road No. 69
2
-11,-227
4,-259
Road No. 70
2
4,-259
13,-276
Road No. 71
2
13,-276
39,-325
Road No. 72
13
6,-627
13,-622
19,-614
26,-605
31,-596
33,-588
39,-536
45,-454
54,-361
54,-336
53,-327
50,-318
27,-276
Road No. 73
2
65,-307
44,-322
Road No. 74
2
60,-316
67,-311
Road No. 75
2
46,-326
60,-316
Road No. 76
2
44,-322
39,-325
Road No. 77
2
39,-325
42,-329
Road No. 78
2
39,-325
20,-338
Road No. 79
2
42,-329
46,-326
Road No. 80
7
54,-418
58,-388
60,-373
60,-359
57,-351
54,-341
46,-326
Road No. 81
2
21,-341
42,-329
Road No. 82
6
42,-329
51,-344
53,-350
56,-362
56,-376
52,-404
Road No. 83
2
20,-338
1,-349
Road No. 84
2
46,-326
44,-322
Road No. 85
2
44,-322
-8,-225
Road No. 86
2
-8,-225
-10,-222
Road No. 87
7
-35,-190
-17,-214
-11,-218
-4,-219
2,-217
24,-206
43,-194
Road No. 88
3
-35,-190
-6,-244
4,-259
Road No. 89
11
27,-276
25,-269
-21,-173
-22,-167
-21,-159
-18,-152
-11,-147
-3,-144
11,-143
22,-141
48,-129
Road No. 90
6
40,-192
17,-205
9,-208
5,-208
-2,-204
-27,-173
Road No. 91
6
16,-72
5,-84
-1,-91
-3,-98
-3,-106
-2,-114
Road No. 92
3
-2,-114
-1,-120
0,-125
Road No. 93
5
-2,-152
6,-149
16,-147
25,-143
38,-137
Road No. 94
2
0,-125
5,-130
Road No. 95
2
0,10
42,-39
Road No. 96
6
5,-130
6,-132
9,-135
17,-138
24,-138
48,-129
Road No. 97
2
16,1
5,15
Road No. 98
2
48,-46
16,-72
Road No. 99
2
29,-12
16,1
Road No. 100
2
42,-27
29,-12
Road No. 101
3
33,-204
56,-188
78,-169
Road No. 102
2
38,-137
48,-129
Road No. 103
2
48,-35
42,-27
Road No. 104
2
42,-39
48,-46
Road No. 105
2
54,-41
48,-46
Road No. 106
2
48,-46
78,-81
Road No. 107
2
54,-41
48,-35
Road No. 108
2
48,-129
72,-115
Road No. 109
2
70,-61
54,-41
Road No. 110
2
96,-17
54,-41
Road No. 111
3
94,-147
89,-150
65,-169
Road No. 112
2
84,-76
70,-61
Road No. 113
4
94,-147
89,-153
60,-177
40,-192
Road No. 114
4
43,-194
62,-179
78,-165
94,-153
Road No. 115
17
808,-367
758,-356
742,-352
732,-349
721,-344
712,-338
703,-332
694,-323
686,-312
680,-299
676,-289
674,-280
671,-271
670,-261
669,-245
670,-182
670,-130
Road No. 116
16
664,-141
665,-246
665,-264
667,-276
669,-288
674,-300
680,-311
687,-323
695,-332
705,-339
715,-348
727,-354
739,-358
753,-362
775,-367
807,-373
Road No. 117
2
683,-204
644,-205
Road No. 118
7
715,-246
714,-241
703,-214
701,-208
695,-204
690,-204
683,-204
Road No. 119
2
640,-205
641,-267
Road No. 120
3
717,-264
716,-254
715,-246
Road No. 121
2
645,-267
690,-264
Road No. 122
2
641,-267
645,-267
Road No. 123
3
576,-271
603,-269
641,-267
Road No. 124
2
567,-273
576,-271
Road No. 125
3
550,-281
559,-276
567,-273
Road No. 126
2
535,-290
550,-281
Road No. 127
2
529,-293
535,-290
Road No. 128
7
545,-333
534,-313
530,-306
530,-303
530,-300
530,-296
535,-290
Road No. 129
2
511,-303
529,-293
Road No. 130
2
530,-315
545,-342
Road No. 131
2
557,-354
545,-333
Road No. 132
2
545,-342
551,-352
Road No. 133
2
551,-352
555,-357
Road No. 134
4
586,-382
587,-379
630,-355
633,-353
Road No. 135
2
567,-373
557,-354
Road No. 136
2
555,-357
563,-374
Road No. 137
2
879,-380
808,-367
Road No. 138
2
807,-373
878,-385
Road No. 139
2
951,-394
879,-380
Road No. 140
2
878,-385
950,-399
Road No. 141
10
633,-353
636,-349
638,-346
639,-339
640,-323
646,-310
649,-290
649,-283
648,-275
645,-267
Road No. 142
13
692,-445
697,-434
700,-421
701,-413
701,-404
700,-386
697,-359
698,-352
699,-345
710,-321
714,-308
716,-286
717,-264
Road No. 143
4
950,-399
990,-406
1006,-409
1024,-410
Road No. 144
4
1028,-404
1008,-403
992,-401
951,-394
Road No. 145
3
1024,-410
1044,-411
1159,-415
Road No. 146
8
1024,-410
1051,-414
1127,-421
1147,-423
1156,-426
1165,-430
1172,-436
1209,-518
Road No. 147
20
1224,-527
1220,-515
1188,-408
1183,-394
1177,-382
1170,-371
1160,-362
1151,-358
1142,-354
1133,-353
1126,-353
1117,-357
1111,-362
1105,-369
1100,-384
1096,-389
1090,-394
1082,-399
1075,-400
1028,-404
Road No. 148
2
1233,-410
1028,-404
Road No. 149
18
1233,-410
1214,-408
1136,-403
1130,-401
1123,-398
1117,-393
1114,-389
1112,-384
1111,-377
1112,-370
1116,-365
1120,-361
1126,-359
1132,-359
1138,-360
1145,-364
1152,-370
1158,-380
Road No. 150
2
1158,-380
1209,-518
Road No. 151
2
1159,-415
1384,-423
Road No. 152
7
1159,-415
1177,-419
1247,-427
1298,-429
1331,-429
1397,-429
1465,-434
Road No. 153
2
1246,-599
1165,-377
Road No. 154
11
1224,-527
1224,-514
1211,-462
1209,-451
1212,-442
1215,-435
1224,-428
1234,-425
1316,-426
1337,-426
1384,-423
Road No. 155
2
1343,-415
1233,-410
Road No. 156
2
1385,-416
1343,-415
Road No. 157
3
1469,-414
1367,-412
1343,-415
Road No. 158
2
1384,-423
1462,-426
Road No. 159
2
1464,-419
1385,-416
Road No. 160
17
1208,-480
1186,-477
1181,-477
1175,-476
1170,-473
1165,-471
1162,-468
1147,-454
1145,-451
1140,-449
1135,-445
1130,-442
1124,-440
1116,-438
1110,-437
1102,-436
1094,-436
Road No. 161
2
196,264
174,299
Road No. 162
2
184,252
199,261
Road No. 163
2
171,240
184,252
Road No. 164
2
130,285
142,270
Road No. 165
3
32,253
37,228
38,226
Road No. 166
2
27,275
32,253
Road No. 167
3
38,226
39,229
35,254
Road No. 168
2
142,270
149,262
Road No. 169
2
35,254
30,275
Road No. 170
3
146,282
145,280
142,270
Road No. 171
2
30,275
28,288
Road No. 172
2
27,280
27,275
Road No. 173
3
77,135
63,119
58,113
Road No. 174
2
58,109
79,134
Road No. 175
2
79,138
77,135
Road No. 176
2
79,134
94,153
Road No. 177
2
93,156
79,138
Road No. 178
2
88,61
86,66
Road No. 179
2
98,47
88,61
Road No. 180
2
127,197
93,156
Road No. 181
2
94,153
129,195
Road No. 182
2
108,32
98,47
Road No. 183
2
126,0
105,-12
Road No. 184
2
112,26
108,32
Road No. 185
2
117,15
112,26
Road No. 186
2
126,0
117,15
Road No. 187
2
86,66
79,77
Road No. 188
2
79,77
72,87
Road No. 189
2
72,87
59,101
Road No. 190
2
99,-144
94,-147
Road No. 191
3
94,-153
105,-144
122,-133
Road No. 192
2
94,-102
101,-97
Road No. 193
2
94,-102
119,-129
Road No. 194
2
119,-129
99,-144
Road No. 195
2
125,-125
101,-97
Road No. 196
2
119,-129
122,-133
Road No. 197
2
125,-125
119,-129
Road No. 198
2
122,-133
128,-129
Road No. 199
2
122,-133
134,-145
Road No. 200
2
128,-129
125,-125
Road No. 201
2
184,-95
125,-125
Road No. 202
2
140,-141
128,-129
Road No. 203
4
128,-129
142,-122
173,-107
187,-100
Road No. 204
2
134,-145
145,-159
Road No. 205
2
145,-149
140,-141
Road No. 206
2
145,-159
156,-171
Road No. 207
2
162,-169
145,-149
Road No. 208
2
156,-171
198,-225
Road No. 209
2
181,-192
162,-169
Road No. 210
2
206,-224
181,-192
Road No. 211
2
197,-120
187,-100
Road No. 212
2
208,-140
197,-120
Road No. 213
2
198,-225
201,-229
Road No. 214
3
218,-157
215,-151
208,-140
Road No. 215
2
221,-163
218,-157
Road No. 216
2
226,-169
221,-163
Road No. 217
5
198,-225
186,-227
175,-231
164,-238
132,-258
Road No. 218
3
132,-258
117,-268
105,-277
Road No. 219
2
105,-277
70,-303
Road No. 220
2
67,-311
132,-264
Road No. 221
6
132,-264
165,-242
177,-234
186,-231
193,-229
201,-229
Road No. 222
2
201,-229
206,-224
Road No. 223
2
70,-303
65,-307
Road No. 224
2
221,-259
225,-256
Road No. 225
2
187,-100
184,-95
Road No. 226
2
72,-115
94,-102
Road No. 227
2
78,-169
88,-161
Road No. 228
2
88,-161
94,-153
Road No. 229
2
78,-81
94,-102
Road No. 230
2
101,-97
89,-83
Road No. 231
2
105,-12
96,-17
Road No. 232
2
101,-97
163,-63
Road No. 233
2
155,-47
126,0
Road No. 234
2
163,-63
155,-47
Road No. 235
2
163,-63
170,-59
Road No. 236
2
184,-95
163,-63
Road No. 237
2
170,-59
175,-56
Road No. 238
2
175,-56
181,-52
Road No. 239
2
181,-52
186,-50
Road No. 240
2
201,-86
184,-95
Road No. 241
2
186,-50
197,-44
Road No. 242
3
187,-100
197,-95
206,-89
Road No. 243
2
197,-44
204,-40
Road No. 244
2
204,-85
201,-86
Road No. 245
2
204,-40
208,-38
Road No. 246
2
222,-76
204,-85
Road No. 247
4
206,-89
211,-87
235,-76
248,-70
Road No. 248
4
208,-38
229,-27
236,-20
244,-11
Road No. 249
2
245,-64
222,-76
Road No. 250
2
244,-11
249,-5
Road No. 251
2
259,-57
245,-64
Road No. 252
2
268,-53
259,-57
Road No. 253
2
276,-50
268,-53
Road No. 254
4
311,-48
305,-46
300,-46
276,-50
Road No. 255
3
346,-61
344,-61
311,-48
Road No. 256
2
89,-83
84,-76
Road No. 257
2
320,-325
306,-304
Road No. 258
2
258,-331
247,-305
Road No. 259
2
243,-307
224,-320
Road No. 260
3
243,-307
256,-334
263,-346
Road No. 261
2
332,-346
320,-325
Road No. 262
2
283,-376
258,-331
Road No. 263
2
263,-346
280,-378
Road No. 264
2
332,-346
304,-363
Road No. 265
8
204,-353
200,-364
198,-377
198,-387
202,-410
202,-422
199,-429
195,-434
Road No. 266
2
304,-363
283,-376
Road No. 267
2
283,-376
280,-378
Road No. 268
4
330,-426
304,-398
293,-387
283,-376
Road No. 269
2
280,-378
263,-387
Road No. 270
4
280,-378
287,-387
302,-403
327,-429
Road No. 271
2
263,-387
253,-393
Road No. 272
2
253,-393
267,-413
Road No. 273
3
253,-393
155,-478
124,-497
Road No. 274
8
267,-413
268,-418
267,-421
265,-424
248,-439
241,-447
228,-466
222,-474
Road No. 275
2
299,-451
327,-429
Road No. 276
8
195,-434
192,-439
181,-450
172,-459
148,-474
139,-478
129,-479
118,-479
Road No. 277
4
224,-320
217,-329
211,-338
204,-353
Road No. 278
2
170,25
126,0
Road No. 279
2
132,204
127,197
Road No. 280
2
129,195
134,202
Road No. 281
2
154,229
132,204
Road No. 282
2
134,202
145,212
Road No. 283
2
145,212
157,227
Road No. 284
2
151,259
168,243
Road No. 285
2
157,233
154,229
Road No. 286
2
168,243
157,233
Road No. 287
2
157,227
171,240
Road No. 288
3
196,264
182,256
168,243
Road No. 289
2
193,38
170,25
Road No. 290
3
171,240
180,230
221,166
Road No. 291
2
210,48
193,38
Road No. 292
2
216,234
199,261
Road No. 293
2
231,60
210,48
Road No. 294
2
248,182
216,234
Road No. 295
2
221,166
255,111
Road No. 296
2
245,68
231,60
Road No. 297
2
268,80
245,68
Road No. 298
2
281,126
248,182
Road No. 299
3
249,-5
253,1
261,14
Road No. 300
2
255,111
273,83
Road No. 301
2
261,14
275,32
Road No. 302
2
273,83
268,80
Road No. 303
2
168,243
171,240
Road No. 304
2
199,261
196,264
Road No. 305
2
149,262
151,259
Road No. 306
2
151,259
154,250
Road No. 307
3
154,250
156,241
157,233
Road No. 308
2
157,233
157,227
Road No. 309
3
157,227
157,212
160,206
Road No. 310
2
160,206
165,198
Road No. 311
2
165,198
196,151
Road No. 312
2
196,151
229,95
Road No. 313
2
229,95
245,68
Road No. 314
4
245,68
256,51
262,42
265,37
Road No. 315
3
265,37
269,35
275,32
Road No. 316
2
199,261
228,277
Road No. 317
2
228,277
238,281
Road No. 318
14
238,281
250,285
259,287
267,288
275,286
283,284
289,281
295,277
300,272
308,264
312,260
314,255
315,248
319,237
Road No. 319
10
360,258
350,260
341,263
331,269
322,274
312,280
304,287
295,298
277,320
261,340
Road No. 320
9
293,292
302,284
310,276
318,270
325,266
333,261
341,258
350,254
357,252
Road No. 321
5
416,301
404,221
404,216
404,212
407,207
Road No. 322
5
410,209
407,213
407,217
407,221
419,301
Road No. 323
5
319,237
355,245
361,246
367,246
434,237
Road No. 324
7
293,292
296,284
315,264
319,258
321,251
321,246
319,237
Road No. 325
7
436,241
425,249
372,260
357,264
343,269
330,275
318,284
Road No. 326
2
314,-200
345,-255
Road No. 327
3
225,-256
217,-240
206,-224
Road No. 328
2
273,-246
263,-228
Road No. 329
2
225,-256
263,-228
Road No. 330
3
201,-229
211,-240
221,-259
Road No. 331
2
276,-252
273,-246
Road No. 332
2
280,-260
276,-252
Road No. 333
2
232,-274
225,-256
Road No. 334
2
221,-259
243,-307
Road No. 335
2
284,-266
280,-260
Road No. 336
2
294,-282
284,-266
Road No. 337
2
237,-284
232,-274
Road No. 338
2
306,-304
294,-282
Road No. 339
2
239,-289
237,-284
Road No. 340
2
247,-305
239,-289
Road No. 341
2
345,-255
320,-267
Road No. 342
2
320,-267
294,-282
Road No. 343
2
294,-282
282,-289
Road No. 344
2
282,-289
271,-294
Road No. 345
2
271,-294
269,-295
Road No. 346
2
269,-295
265,-297
Road No. 347
2
265,-297
247,-305
Road No. 348
2
247,-305
243,-307
Road No. 349
3
244,-200
234,-183
226,-169
Road No. 350
2
263,-228
287,-208
Road No. 351
2
287,-208
301,-195
Road No. 352
4
301,-195
308,-194
310,-195
314,-200
Road No. 353
2
301,-195
316,-184
Road No. 354
4
340,-153
338,-158
336,-166
332,-174
Road No. 355
4
356,-174
348,-172
343,-172
332,-174
Road No. 356
2
343,-146
340,-153
Road No. 357
4
392,-95
373,-118
347,-140
343,-146
Road No. 358
4
356,-174
347,-164
346,-159
345,-155
Road No. 359
6
345,-155
345,-150
347,-145
350,-141
374,-122
398,-94
Road No. 360
4
392,-95
395,-111
412,-211
417,-229
Road No. 361
3
417,-204
402,-114
398,-94
Road No. 362
2
332,-174
316,-184
Road No. 363
4
316,-184
314,-190
313,-194
314,-200
Road No. 364
2
263,-228
244,-200
Road No. 365
2
398,-94
392,-95
Road No. 366
4
273,83
278,80
281,75
290,61
Road No. 367
2
300,98
273,83
Road No. 368
2
275,32
300,34
Road No. 369
2
300,98
281,126
Road No. 370
2
290,61
306,36
Road No. 371
2
314,76
300,98
Road No. 372
9
367,170
340,152
335,149
332,144
330,140
324,125
321,119
317,116
300,98
Road No. 373
2
300,34
305,34
Road No. 374
2
300,34
306,36
Road No. 375
2
305,34
314,34
Road No. 376
2
306,36
314,34
Road No. 377
2
306,36
331,50
Road No. 378
2
331,50
314,76
Road No. 379
8
314,34
321,33
326,32
331,31
336,28
341,25
345,21
366,-29
Road No. 380
11
319,237
324,206
326,198
330,193
333,190
337,187
342,185
351,184
357,183
360,181
367,170
Road No. 381
3
377,-41
351,23
331,50
Road No. 382
2
331,50
355,66
Road No. 383
2
327,-429
330,-426
Road No. 384
2
358,-458
330,-426
Road No. 385
2
467,-426
480,-448
Road No. 386
2
327,-429
356,-463
Road No. 387
2
406,-445
395,-432
Road No. 388
5
390,-311
395,-313
398,-316
401,-319
422,-357
Road No. 389
2
467,-328
494,-313
Road No. 390
4
409,-367
411,-363
411,-358
382,-315
Road No. 391
2
463,-331
467,-328
Road No. 392
2
503,-381
467,-328
Road No. 393
2
427,-354
463,-331
Road No. 394
2
463,-331
516,-413
Road No. 395
2
422,-357
427,-354
Road No. 396
2
461,-409
427,-354
Road No. 397
2
409,-367
422,-357
Road No. 398
2
422,-357
454,-408
Road No. 399
2
353,-374
345,-364
Road No. 400
2
370,-398
409,-367
Road No. 401
2
355,-378
353,-374
Road No. 402
2
365,-389
355,-378
Road No. 403
2
521,-412
503,-381
Road No. 404
2
370,-398
365,-389
Road No. 405
2
384,-417
370,-398
Road No. 406
2
330,-426
370,-398
Road No. 407
2
454,-408
467,-426
Road No. 408
2
481,-441
461,-409
Road No. 409
2
521,-412
516,-413
Road No. 410
2
516,-413
518,-416
Road No. 411
4
516,-413
488,-434
483,-438
481,-441
Road No. 412
2
395,-432
384,-417
Road No. 413
2
390,-311
382,-315
Road No. 414
2
382,-315
366,-325
Road No. 415
2
366,-325
355,-332
Road No. 416
2
355,-332
341,-341
Road No. 417
2
341,-341
332,-346
Road No. 418
2
518,-416
521,-412
Road No. 419
2
345,-364
332,-346
Road No. 420
6
420,-280
414,-278
409,-276
404,-272
364,-182
356,-174
Road No. 421
4
428,-247
420,-219
418,-208
417,-204
Road No. 422
2
530,-212
519,-213
Road No. 423
3
519,-213
508,-214
496,-216
Road No. 424
3
417,-229
422,-247
431,-271
Road No. 425
2
431,-258
428,-247
Road No. 426
2
345,-255
370,-300
Road No. 427
2
434,-267
431,-258
Road No. 428
2
435,-271
434,-267
Road No. 429
4
467,-328
451,-301
440,-281
435,-271
Road No. 430
4
431,-271
435,-282
447,-302
463,-331
Road No. 431
3
370,-300
377,-306
390,-311
Road No. 432
2
507,-305
511,-303
Road No. 433
6
507,-305
514,-303
519,-304
523,-305
526,-308
530,-315
Road No. 434
2
494,-313
507,-305
Road No. 435
3
496,-216
489,-222
476,-232
Road No. 436
2
476,-232
464,-242
Road No. 437
2
464,-242
442,-260
Road No. 438
2
442,-260
434,-267
Road No. 439
2
434,-267
431,-271
Road No. 440
2
431,-271
420,-280
Road No. 441
3
420,-280
411,-291
390,-311
Road No. 442
4
442,-260
439,-261
435,-260
431,-258
Road No. 443
5
370,-300
373,-308
373,-314
370,-320
366,-325
Road No. 444
2
435,-271
431,-271
Road No. 445
3
361,-57
350,-61
346,-61
Road No. 446
5
366,-29
369,-49
369,-52
365,-55
361,-57
Road No. 447
3
372,-44
387,-79
392,-95
Road No. 448
3
398,-94
392,-74
377,-41
Road No. 449
2
593,-209
542,-211
Road No. 450
2
599,-209
593,-209
Road No. 451
2
640,-205
599,-209
Road No. 452
2
644,-205
640,-205
Road No. 453
2
644,-205
641,-37
Road No. 454
3
659,-23
662,-49
663,-77
Road No. 455
2
663,-77
664,-141
Road No. 456
3
668,-77
667,-49
665,-22
Road No. 457
2
670,-130
668,-77
Road No. 458
2
542,-211
530,-212
Road No. 459
2
366,-29
372,-44
Road No. 460
2
645,-267
644,-205
Road No. 461
2
637,-38
640,-205
Road No. 462
10
703,-311
704,-296
701,-284
697,-273
685,-245
680,-229
676,-206
674,-185
671,-143
670,-130
Road No. 463
5
664,-141
663,-159
655,-298
658,-319
659,-329
Road No. 464
2
355,66
380,80
Road No. 465
5
357,252
377,249
414,244
425,241
434,237
Road No. 466
5
436,241
425,245
416,248
376,254
360,258
Road No. 467
3
402,193
371,174
367,170
Road No. 468
6
367,170
374,172
403,191
409,193
414,193
418,193
Road No. 469
2
380,80
460,130
Road No. 470
3
414,196
410,196
402,193
Road No. 471
2
407,207
414,196
Road No. 472
2
418,196
410,209
Road No. 473
2
418,196
414,196
Road No. 474
2
414,196
418,193
Road No. 475
2
418,193
418,196
Road No. 476
2
432,194
418,196
Road No. 477
7
418,193
428,191
486,183
493,182
498,178
503,174
510,163
Road No. 478
7
513,166
507,176
505,178
500,182
496,184
489,186
432,194
Road No. 479
11
434,237
447,230
458,223
468,219
490,213
504,208
514,204
550,184
567,173
574,167
579,161
Road No. 480
7
515,207
504,212
494,215
479,219
468,224
455,228
436,241
Road No. 481
2
460,130
510,163
Road No. 482
2
510,163
558,90
Road No. 483
2
561,92
513,166
Road No. 484
7
627,90
589,149
581,162
577,168
570,175
551,188
515,207
Road No. 485
3
550,304
562,285
574,266
Road No. 486
2
558,90
563,80
Road No. 487
2
592,44
561,92
Road No. 488
2
563,80
583,50
Road No. 489
2
574,266
575,264
Road No. 490
4
575,264
596,231
598,229
603,227
Road No. 491
7
579,161
587,147
623,87
633,69
644,40
654,11
659,-23
Road No. 492
2
583,50
589,41
Road No. 493
2
589,41
601,21
Road No. 494
2
605,23
592,44
Road No. 495
2
601,21
624,-13
Road No. 496
3
641,-37
639,-29
605,23
Road No. 497
3
624,-13
635,-30
637,-38
Road No. 498
5
665,-22
659,13
648,43
636,71
627,90
Road No. 499
2
717,298
800,170
Road No. 500
2
779,219
726,303
Road No. 501
2
808,176
779,219
Road No. 502
2
800,170
833,117
Road No. 503
2
842,124
808,176
Road No. 504
3
603,227
608,228
665,264
Road No. 505
2
665,264
717,298
Road No. 506
2
510,163
513,166
Road No. 507
17
574,266
567,261
565,258
562,253
561,249
562,244
567,232
573,218
584,198
586,194
585,189
583,186
580,183
575,181
570,182
563,185
515,207
Road No. 508
8
513,166
536,180
541,181
547,179
553,176
561,171
567,167
579,161
Road No. 509
16
627,90
596,151
594,160
593,167
593,183
591,189
588,196
577,213
574,221
567,234
565,242
563,247
563,253
566,257
569,259
575,264
Road No. 510
3
562,-460
535,-429
521,-412
Road No. 511
4
485,-445
486,-442
489,-438
518,-416
Road No. 512
5
518,-416
531,-431
574,-480
590,-495
610,-512
Road No. 513
4
595,-429
599,-438
602,-444
599,-451
Road No. 514
4
695,-429
691,-435
685,-441
681,-444
Road No. 515
5
681,-444
669,-448
663,-448
659,-446
653,-439
Road No. 516
3
622,-426
608,-442
599,-451
Road No. 517
2
695,-429
689,-446
Road No. 518
2
653,-463
653,-439
Road No. 519
2
653,-439
654,-419
Road No. 520
2
690,-264
696,-263
Road No. 521
7
690,-264
699,-265
704,-267
708,-269
710,-273
712,-276
713,-282
Road No. 522
6
641,-267
645,-274
646,-281
647,-290
643,-308
641,-314
Road No. 523
12
713,-282
712,-294
710,-306
706,-317
695,-344
694,-351
694,-358
694,-366
698,-403
698,-413
698,-421
695,-429
Road No. 524
8
654,-419
655,-398
662,-384
669,-373
685,-352
694,-341
700,-326
703,-311
Road No. 525
7
641,-314
637,-322
635,-332
635,-339
634,-344
633,-348
631,-350
Road No. 526
3
631,-350
629,-351
610,-363
Road No. 527
3
576,-363
566,-359
557,-354
Road No. 528
2
610,-363
605,-366
Road No. 529
12
654,-419
661,-403
665,-393
674,-383
682,-374
690,-369
700,-366
710,-364
720,-363
730,-364
792,-373
807,-373
Road No. 530
4
605,-366
596,-367
587,-366
576,-363
Road No. 531
3
605,-366
586,-376
583,-376
Road No. 532
6
622,-426
612,-433
606,-433
603,-433
600,-430
581,-398
Road No. 533
2
578,-399
595,-429
Road No. 534
6
696,-263
701,-261
707,-259
710,-256
714,-252
715,-246
Road No. 535
7
659,-329
653,-344
646,-371
642,-389
638,-404
629,-416
622,-426
Road No. 536
16
808,-367
790,-360
763,-354
752,-350
745,-347
736,-342
725,-334
713,-321
705,-315
699,-312
690,-311
682,-311
674,-314
669,-317
663,-322
659,-329
Road No. 537
2
165,198
196,151
Road No. 538
3
171,240
180,230
221,166
Road No. 539
2
184,252
234,174
Road No. 540
2
248,182
216,234
Road No. 541
11
319,237
324,206
326,198
330,193
333,190
337,187
342,185
351,184
357,183
360,181
367,170
Road No. 542
5
416,301
404,221
404,216
404,212
407,207
Road No. 543
5
410,209
407,213
407,217
407,221
419,301
Road No. 544
2
314,76
300,98
Road No. 545
9
367,170
340,152
335,149
332,144
330,140
324,125
321,119
317,116
300,98
Road No. 546
6
360,116
357,115
340,102
337,98
337,94
355,66
Road No. 547
5
380,80
381,82
380,85
362,114
360,116
Road No. 548
3
402,193
371,174
367,170
Road No. 549
6
367,170
374,172
403,191
409,193
414,193
418,193
Road No. 550
2
380,80
460,130
Road No. 551
4
407,207
407,202
405,198
402,193
Road No. 552
3
414,196
410,196
402,193
Road No. 553
2
407,207
414,196
Road No. 554
2
418,196
414,196
Road No. 555
2
414,196
418,193
Road No. 556
2
418,193
418,196
Road No. 557
2
432,194
418,196
Road No. 558
2
418,193
460,130
Road No. 559
7
418,193
428,191
486,183
493,182
498,178
503,174
510,163
Road No. 560
7
513,166
507,176
505,178
500,182
496,184
489,186
432,194
Road No. 561
11
434,237
447,230
458,223
468,219
490,213
504,208
514,204
550,184
567,173
574,167
579,161
Road No. 562
2
460,130
510,163
Road No. 563
2
510,163
558,90
Road No. 564
2
561,92
513,166
Road No. 565
7
627,90
589,149
581,162
577,168
570,175
551,188
515,207
Road No. 566
2
518,65
558,90
Road No. 567
2
510,163
513,166
Road No. 568
5
432,194
425,196
420,198
416,201
410,209
Road No. 569
2
418,196
410,209
Road No. 570
3
302,137
337,157
320,186
Road No. 571
6
162,133
144,129
150,112
152,106
157,98
177,65
Road No. 572
2
162,133
179,142
Road No. 573
3
194,76
171,115
162,133
Road No. 574
2
179,142
196,151
Road No. 575
2
179,142
213,86
Road No. 576
2
194,76
213,86
Road No. 577
2
206,157
196,151
Road No. 578
2
196,151
229,95
Road No. 579
2
209,159
206,157
Road No. 580
2
221,166
209,159
Road No. 581
2
209,159
242,102
Road No. 582
2
213,86
229,95
Road No. 583
2
234,174
221,166
Road No. 584
2
221,166
255,111
Road No. 585
2
229,95
242,102
Road No. 586
2
229,95
245,68
Road No. 587
2
248,182
234,174
Road No. 588
2
268,118
234,174
Road No. 589
2
242,102
255,111
Road No. 590
2
268,80
245,68
Road No. 591
2
281,126
248,182
Road No. 592
2
255,111
268,118
Road No. 593
2
255,111
273,83
Road No. 594
2
273,83
268,80
Road No. 595
2
268,118
281,126
Road No. 596
4
273,83
278,80
281,75
290,61
Road No. 597
2
300,98
273,83
Road No. 598
2
300,98
281,126
Road No. 599
2
193,181
206,157
Road No. 600
2
281,126
302,137
Road No. 601
2
302,137
281,171
Road No. 602
2
177,65
194,76
Road No. 603
2
210,48
194,76
Road No. 604
2
245,68
231,60
Road No. 605
4
245,68
256,51
262,42
265,37
Road No. 606
2
177,65
187,48
Road No. 607
2
290,61
306,36
Road No. 608
2
231,60
210,48
Road No. 609
2
187,48
193,38
Road No. 610
2
210,48
193,38
Road No. 611
3
236,7
228,19
210,48
Road No. 612
2
193,38
170,25
Road No. 613
3
265,37
269,35
275,32
Road No. 614
2
261,14
275,32
Road No. 615
6
265,37
274,45
275,71
274,76
272,78
268,80
Road No. 616
2
355,66
380,80
Road No. 617
2
300,34
306,36
Road No. 618
2
306,36
331,50
Road No. 619
2
290,61
314,76
Road No. 620
2
275,32
300,34
Road No. 621
2
300,34
305,34
Road No. 622
2
305,34
314,34
Road No. 623
2
306,36
314,34
Road No. 624
2
331,50
314,76
Road No. 625
3
187,48
175,41
170,47
Road No. 626
2
236,7
245,19
Road No. 627
2
231,60
243,37
Road No. 628
2
331,50
355,66
Road No. 629
2
274,-5
276,-50
Road No. 630
2
308,-4
274,-5
Road No. 631
4
311,-48
305,-46
300,-46
276,-50
Road No. 632
2
305,34
308,-4
Road No. 633
3
346,-61
344,-61
311,-48
Road No. 634
8
314,34
321,33
326,32
331,31
336,28
341,25
345,21
366,-29
Road No. 635
9
344,19
343,15
338,13
331,12
325,14
320,19
320,24
320,30
320,31
Road No. 636
3
377,-41
351,23
331,50
Road No. 637
3
361,-57
350,-61
346,-61
Road No. 638
5
366,-29
369,-49
369,-52
365,-55
361,-57
Road No. 639
2
366,-29
372,-44
Road No. 640
3
372,-44
387,-79
392,-95
Road No. 641
3
398,-94
392,-74
377,-41
Road No. 642
2
398,-94
392,-95
Road No. 643
4
361,-57
362,-65
362,-67
353,-88
Road No. 644
4
346,-61
348,-67
348,-69
340,-82
Road No. 645
4
311,-48
314,-67
312,-68
276,-75
Road No. 646
2
170,25
126,0
Road No. 647
2
163,-63
170,-59
Road No. 648
2
184,-95
163,-63
Road No. 649
2
170,-59
175,-56
Road No. 650
2
175,-56
181,-52
Road No. 651
2
181,-52
186,-50
Road No. 652
2
170,25
173,20
Road No. 653
5
170,-59
173,-61
176,-61
182,-59
181,-52
Road No. 654
2
158,32
170,25
Road No. 655
4
158,32
161,41
167,46
170,47
Road No. 656
2
186,-50
197,-44
Road No. 657
4
175,-56
174,-51
191,-41
197,-44
Road No. 658
2
201,-86
184,-95
Road No. 659
2
204,-85
186,-50
Road No. 660
3
187,-100
197,-95
206,-89
Road No. 661
2
197,-44
204,-40
Road No. 662
2
204,-85
201,-86
Road No. 663
2
204,-40
208,-38
Road No. 664
2
222,-76
204,-85
Road No. 665
2
222,-76
204,-40
Road No. 666
4
206,-89
211,-87
235,-76
248,-70
Road No. 667
4
208,-38
229,-27
236,-20
244,-11
Road No. 668
2
245,-64
222,-76
Road No. 669
2
249,-5
236,7
Road No. 670
5
237,-87
238,-86
241,-82
244,-78
248,-70
Road No. 671
4
248,-70
252,-70
256,-73
244,-93
Road No. 672
2
244,-11
249,-5
Road No. 673
2
249,-20
244,-11
Road No. 674
2
248,-70
245,-64
Road No. 675
2
259,-57
245,-64
Road No. 676
2
259,-57
249,-20
Road No. 677
3
249,-5
253,1
261,14
Road No. 678
4
249,-20
254,-19
263,-23
268,-53
Road No. 679
2
268,-53
259,-57
Road No. 680
4
261,14
270,11
272,8
274,-5
Road No. 681
2
276,-50
268,-53
Road No. 682
2
187,-100
184,-95
Road No. 683
2
237,-87
244,-93
Road No. 684
2
244,-93
252,-98
Road No. 685
2
252,-98
258,-91
Road No. 686
2
173,20
208,-38
Road No. 687
5
231,-129
231,-124
233,-115
238,-103
244,-93
Road No. 688
6
345,-155
345,-150
347,-145
350,-141
374,-122
398,-94
Road No. 689
3
417,-204
402,-114
398,-94
Road No. 690
4
392,-95
373,-118
347,-140
343,-146
Road No. 691
4
392,-95
395,-111
412,-211
417,-229
Road No. 692
7
299,-159
300,-156
336,-130
340,-129
344,-131
345,-134
343,-146
Road No. 693
2
231,-129
240,-132
Road No. 694
2
343,-146
340,-153
Road No. 695
3
340,-153
343,-155
345,-155
Road No. 696
4
340,-153
338,-158
336,-166
332,-174
Road No. 697
4
356,-174
347,-164
346,-159
345,-155
Road No. 698
2
316,-184
299,-159
Road No. 699
4
237,-177
243,-153
241,-142
240,-132
Road No. 700
3
240,-132
245,-114
252,-98
Road No. 701
3
205,-173
215,-164
220,-161
Road No. 702
2
226,-169
221,-163
Road No. 703
2
221,-163
220,-161
Road No. 704
7
515,207
504,212
494,215
479,219
468,224
455,228
436,241
Road No. 705
8
513,166
536,180
541,181
547,179
553,176
561,171
567,167
579,161
Road No. 706
17
574,266
567,261
565,258
562,253
561,249
562,244
567,232
573,218
584,198
586,194
585,189
583,186
580,183
575,181
570,182
563,185
515,207
Road No. 707
2
184,-95
125,-125
Road No. 708
4
128,-129
142,-122
173,-107
187,-100
Road No. 709
4
197,-120
187,-126
156,-144
145,-149
Road No. 710
3
162,-169
174,-162
190,-152
Road No. 711
2
197,-120
187,-100
Road No. 712
2
190,-152
193,-157
Road No. 713
3
190,-152
199,-146
208,-140
Road No. 714
2
193,-157
201,-168
Road No. 715
4
201,-168
205,-163
198,-153
193,-157
Road No. 716
2
208,-140
197,-120
Road No. 717
4
206,-89
211,-99
215,-107
223,-122
Road No. 718
3
218,-157
215,-151
208,-140
Road No. 719
2
220,-161
218,-157
Road No. 720
2
221,-163
218,-157
Road No. 721
4
218,-157
220,-153
222,-143
223,-128
Road No. 722
2
223,-128
223,-122
Road No. 723
2
223,-128
231,-129
Road No. 724
6
223,-122
225,-113
226,-110
230,-100
236,-90
237,-87
Road No. 725
5
231,-129
231,-146
231,-151
228,-164
226,-169
