Number of roads : 24
RPath No. 0
2
261,160
248,182
RPath No. 1
2
248,182
234,174
RPath No. 2
2
234,174
221,166
RPath No. 3
2
221,166
255,111
RPath No. 4
2
255,111
273,83
RPath No. 5
4
273,83
278,80
281,75
290,61
RPath No. 6
2
290,61
306,36
RPath No. 7
2
306,36
314,34
RPath No. 8
8
314,34
321,33
326,32
331,31
336,28
341,25
345,21
366,-29
RPath No. 9
2
366,-29
372,-44
RPath No. 10
3
372,-44
387,-79
392,-95
RPath No. 11
4
392,-95
395,-111
412,-211
417,-229
RPath No. 12
3
417,-229
422,-247
431,-271
RPath No. 13
4
431,-271
435,-282
447,-302
463,-331
RPath No. 14
2
463,-331
467,-328
RPath No. 15
2
467,-328
494,-313
RPath No. 16
2
494,-313
507,-305
RPath No. 17
2
507,-305
511,-303
RPath No. 18
2
511,-303
529,-293
RPath No. 19
2
529,-293
535,-290
RPath No. 20
2
535,-290
550,-281
RPath No. 21
3
550,-281
559,-276
567,-273
RPath No. 22
2
567,-273
576,-271
RPath No. 23
4
576,-271
575,-264
567,-265
546,-274
